00002000
00002001
00002002
00002003
00002004
00002005
00002006
00002007
00002008
00002009
00012000
00012001
00012002
00012003
00012004
00012005
00012006
00012007
00012008
00012009
00022000
00022001
00022002
00022003
00022004
00022005
00022006
00022007
00022008
00022009
00032000
00032001
00032002
00032003
00032004
00032005
00032006
00032007
00032008
00032009
00042000
00042001
00042002
00042003
00042004
00042005
00042006
00042007
00042008
00042009
00052000
00052001
00052002
00052003
00052004
00052005
00052006
00052007
00052008
00052009
00062000
00062001
00062002
00062003
00062004
00062005
00062006
00062007
00062008
00062009
00072000
00072001
00072002
00072003
00072004
00072005
00072006
00072007
00072008
00072009
00082000
00082001
00082002
00082003
00082004
00082005
00082006
00082007
00082008
00082009
00092000
00092001
00092002
00092003
00092004
00092005
00092006
00092007
00092008
00092009
01002000
01002001
01002002
01002003
01002004
01002005
01002006
01002007
01002008
01002009
01012000
01012001
01012002
01012003
01012004
01012005
01012006
01012007
01012008
01012009
01022000
01022001
01022002
01022003
01022004
01022005
01022006
01022007
01022008
01022009
01032000
01032001
01032002
01032003
01032004
01032005
01032006
01032007
01032008
01032009
01042000
01042001
01042002
01042003
01042004
01042005
01042006
01042007
01042008
01042009
01052000
01052001
01052002
01052003
01052004
01052005
01052006
01052007
01052008
01052009
01062000
01062001
01062002
01062003
01062004
01062005
01062006
01062007
01062008
01062009
01072000
01072001
01072002
01072003
01072004
01072005
01072006
01072007
01072008
01072009
01082000
01082001
01082002
01082003
01082004
01082005
01082006
01082007
01082008
01082009
01092000
01092001
01092002
01092003
01092004
01092005
01092006
01092007
01092008
01092009
02002000
02002001
02002002
02002003
02002004
02002005
02002006
02002007
02002008
02002009
02012000
02012001
02012002
02012003
02012004
02012005
02012006
02012007
02012008
02012009
02022000
02022001
02022002
02022003
02022004
02022005
02022006
02022007
02022008
02022009
02032000
02032001
02032002
02032003
02032004
02032005
02032006
02032007
02032008
02032009
02042000
02042001
02042002
02042003
02042004
02042005
02042006
02042007
02042008
02042009
02052000
02052001
02052002
02052003
02052004
02052005
02052006
02052007
02052008
02052009
02062000
02062001
02062002
02062003
02062004
02062005
02062006
02062007
02062008
02062009
02072000
02072001
02072002
02072003
02072004
02072005
02072006
02072007
02072008
02072009
02082000
02082001
02082002
02082003
02082004
02082005
02082006
02082007
02082008
02082009
02092000
02092001
02092002
02092003
02092004
02092005
02092006
02092007
02092008
02092009
03002000
03002001
03002002
03002003
03002004
03002005
03002006
03002007
03002008
03002009
03012000
03012001
03012002
03012003
03012004
03012005
03012006
03012007
03012008
03012009
03022000
03022001
03022002
03022003
03022004
03022005
03022006
03022007
03022008
03022009
03032000
03032001
03032002
03032003
03032004
03032005
03032006
03032007
03032008
03032009
03042000
03042001
03042002
03042003
03042004
03042005
03042006
03042007
03042008
03042009
03052000
03052001
03052002
03052003
03052004
03052005
03052006
03052007
03052008
03052009
03062000
03062001
03062002
03062003
03062004
03062005
03062006
03062007
03062008
03062009
03072000
03072001
03072002
03072003
03072004
03072005
03072006
03072007
03072008
03072009
03082000
03082001
03082002
03082003
03082004
03082005
03082006
03082007
03082008
03082009
03092000
03092001
03092002
03092003
03092004
03092005
03092006
03092007
03092008
03092009
04002000
04002001
04002002
04002003
04002004
04002005
04002006
04002007
04002008
04002009
04012000
04012001
04012002
04012003
04012004
04012005
04012006
04012007
04012008
04012009
04022000
04022001
04022002
04022003
04022004
04022005
04022006
04022007
04022008
04022009
04032000
04032001
04032002
04032003
04032004
04032005
04032006
04032007
04032008
04032009
04042000
04042001
04042002
04042003
04042004
04042005
04042006
04042007
04042008
04042009
04052000
04052001
04052002
04052003
04052004
04052005
04052006
04052007
04052008
04052009
04062000
04062001
04062002
04062003
04062004
04062005
04062006
04062007
04062008
04062009
04072000
04072001
04072002
04072003
04072004
04072005
04072006
04072007
04072008
04072009
04082000
04082001
04082002
04082003
04082004
04082005
04082006
04082007
04082008
04082009
04092000
04092001
04092002
04092003
04092004
04092005
04092006
04092007
04092008
04092009
05002000
05002001
05002002
05002003
05002004
05002005
05002006
05002007
05002008
05002009
05012000
05012001
05012002
05012003
05012004
05012005
05012006
05012007
05012008
05012009
05022000
05022001
05022002
05022003
05022004
05022005
05022006
05022007
05022008
05022009
05032000
05032001
05032002
05032003
05032004
05032005
05032006
05032007
05032008
05032009
05042000
05042001
05042002
05042003
05042004
05042005
05042006
05042007
05042008
05042009
05052000
05052001
05052002
05052003
05052004
05052005
05052006
05052007
05052008
05052009
05062000
05062001
05062002
05062003
05062004
05062005
05062006
05062007
05062008
05062009
05072000
05072001
05072002
05072003
05072004
05072005
05072006
05072007
05072008
05072009
05082000
05082001
05082002
05082003
05082004
05082005
05082006
05082007
05082008
05082009
05092000
05092001
05092002
05092003
05092004
05092005
05092006
05092007
05092008
05092009
06002000
06002001
06002002
06002003
06002004
06002005
06002006
06002007
06002008
06002009
06012000
06012001
06012002
06012003
06012004
06012005
06012006
06012007
06012008
06012009
06022000
06022001
06022002
06022003
06022004
06022005
06022006
06022007
06022008
06022009
06032000
06032001
06032002
06032003
06032004
06032005
06032006
06032007
06032008
06032009
06042000
06042001
06042002
06042003
06042004
06042005
06042006
06042007
06042008
06042009
06052000
06052001
06052002
06052003
06052004
06052005
06052006
06052007
06052008
06052009
06062000
06062001
06062002
06062003
06062004
06062005
06062006
06062007
06062008
06062009
06072000
06072001
06072002
06072003
06072004
06072005
06072006
06072007
06072008
06072009
06082000
06082001
06082002
06082003
06082004
06082005
06082006
06082007
06082008
06082009
06092000
06092001
06092002
06092003
06092004
06092005
06092006
06092007
06092008
06092009
07002000
07002001
07002002
07002003
07002004
07002005
07002006
07002007
07002008
07002009
07012000
07012001
07012002
07012003
07012004
07012005
07012006
07012007
07012008
07012009
07022000
07022001
07022002
07022003
07022004
07022005
07022006
07022007
07022008
07022009
07032000
07032001
07032002
07032003
07032004
07032005
07032006
07032007
07032008
07032009
07042000
07042001
07042002
07042003
07042004
07042005
07042006
07042007
07042008
07042009
07052000
07052001
07052002
07052003
07052004
07052005
07052006
07052007
07052008
07052009
07062000
07062001
07062002
07062003
07062004
07062005
07062006
07062007
07062008
07062009
07072000
07072001
07072002
07072003
07072004
07072005
07072006
07072007
07072008
07072009
07082000
07082001
07082002
07082003
07082004
07082005
07082006
07082007
07082008
07082009
07092000
07092001
07092002
07092003
07092004
07092005
07092006
07092007
07092008
07092009
08002000
08002001
08002002
08002003
08002004
08002005
08002006
08002007
08002008
08002009
08012000
08012001
08012002
08012003
08012004
08012005
08012006
08012007
08012008
08012009
08022000
08022001
08022002
08022003
08022004
08022005
08022006
08022007
08022008
08022009
08032000
08032001
08032002
08032003
08032004
08032005
08032006
08032007
08032008
08032009
08042000
08042001
08042002
08042003
08042004
08042005
08042006
08042007
08042008
08042009
08052000
08052001
08052002
08052003
08052004
08052005
08052006
08052007
08052008
08052009
08062000
08062001
08062002
08062003
08062004
08062005
08062006
08062007
08062008
08062009
08072000
08072001
08072002
08072003
08072004
08072005
08072006
08072007
08072008
08072009
08082000
08082001
08082002
08082003
08082004
08082005
08082006
08082007
08082008
08082009
08092000
08092001
08092002
08092003
08092004
08092005
08092006
08092007
08092008
08092009
09002000
09002001
09002002
09002003
09002004
09002005
09002006
09002007
09002008
09002009
09012000
09012001
09012002
09012003
09012004
09012005
09012006
09012007
09012008
09012009
09022000
09022001
09022002
09022003
09022004
09022005
09022006
09022007
09022008
09022009
09032000
09032001
09032002
09032003
09032004
09032005
09032006
09032007
09032008
09032009
09042000
09042001
09042002
09042003
09042004
09042005
09042006
09042007
09042008
09042009
09052000
09052001
09052002
09052003
09052004
09052005
09052006
09052007
09052008
09052009
09062000
09062001
09062002
09062003
09062004
09062005
09062006
09062007
09062008
09062009
09072000
09072001
09072002
09072003
09072004
09072005
09072006
09072007
09072008
09072009
09082000
09082001
09082002
09082003
09082004
09082005
09082006
09082007
09082008
09082009
09092000
09092001
09092002
09092003
09092004
09092005
09092006
09092007
09092008
09092009
