00002010
00002011
00002012
00002013
00002014
00002015
00002016
00002017
00002018
00002019
00012010
00012011
00012012
00012013
00012014
00012015
00012016
00012017
00012018
00012019
00022010
00022011
00022012
00022013
00022014
00022015
00022016
00022017
00022018
00022019
00032010
00032011
00032012
00032013
00032014
00032015
00032016
00032017
00032018
00032019
00042010
00042011
00042012
00042013
00042014
00042015
00042016
00042017
00042018
00042019
00052010
00052011
00052012
00052013
00052014
00052015
00052016
00052017
00052018
00052019
00062010
00062011
00062012
00062013
00062014
00062015
00062016
00062017
00062018
00062019
00072010
00072011
00072012
00072013
00072014
00072015
00072016
00072017
00072018
00072019
00082010
00082011
00082012
00082013
00082014
00082015
00082016
00082017
00082018
00082019
00092010
00092011
00092012
00092013
00092014
00092015
00092016
00092017
00092018
00092019
01002010
01002011
01002012
01002013
01002014
01002015
01002016
01002017
01002018
01002019
01012010
01012011
01012012
01012013
01012014
01012015
01012016
01012017
01012018
01012019
01022010
01022011
01022012
01022013
01022014
01022015
01022016
01022017
01022018
01022019
01032010
01032011
01032012
01032013
01032014
01032015
01032016
01032017
01032018
01032019
01042010
01042011
01042012
01042013
01042014
01042015
01042016
01042017
01042018
01042019
01052010
01052011
01052012
01052013
01052014
01052015
01052016
01052017
01052018
01052019
01062010
01062011
01062012
01062013
01062014
01062015
01062016
01062017
01062018
01062019
01072010
01072011
01072012
01072013
01072014
01072015
01072016
01072017
01072018
01072019
01082010
01082011
01082012
01082013
01082014
01082015
01082016
01082017
01082018
01082019
01092010
01092011
01092012
01092013
01092014
01092015
01092016
01092017
01092018
01092019
02002010
02002011
02002012
02002013
02002014
02002015
02002016
02002017
02002018
02002019
02012010
02012011
02012012
02012013
02012014
02012015
02012016
02012017
02012018
02012019
02022010
02022011
02022012
02022013
02022014
02022015
02022016
02022017
02022018
02022019
02032010
02032011
02032012
02032013
02032014
02032015
02032016
02032017
02032018
02032019
02042010
02042011
02042012
02042013
02042014
02042015
02042016
02042017
02042018
02042019
02052010
02052011
02052012
02052013
02052014
02052015
02052016
02052017
02052018
02052019
02062010
02062011
02062012
02062013
02062014
02062015
02062016
02062017
02062018
02062019
02072010
02072011
02072012
02072013
02072014
02072015
02072016
02072017
02072018
02072019
02082010
02082011
02082012
02082013
02082014
02082015
02082016
02082017
02082018
02082019
02092010
02092011
02092012
02092013
02092014
02092015
02092016
02092017
02092018
02092019
03002010
03002011
03002012
03002013
03002014
03002015
03002016
03002017
03002018
03002019
03012010
03012011
03012012
03012013
03012014
03012015
03012016
03012017
03012018
03012019
03022010
03022011
03022012
03022013
03022014
03022015
03022016
03022017
03022018
03022019
03032010
03032011
03032012
03032013
03032014
03032015
03032016
03032017
03032018
03032019
03042010
03042011
03042012
03042013
03042014
03042015
03042016
03042017
03042018
03042019
03052010
03052011
03052012
03052013
03052014
03052015
03052016
03052017
03052018
03052019
03062010
03062011
03062012
03062013
03062014
03062015
03062016
03062017
03062018
03062019
03072010
03072011
03072012
03072013
03072014
03072015
03072016
03072017
03072018
03072019
03082010
03082011
03082012
03082013
03082014
03082015
03082016
03082017
03082018
03082019
03092010
03092011
03092012
03092013
03092014
03092015
03092016
03092017
03092018
03092019
04002010
04002011
04002012
04002013
04002014
04002015
04002016
04002017
04002018
04002019
04012010
04012011
04012012
04012013
04012014
04012015
04012016
04012017
04012018
04012019
04022010
04022011
04022012
04022013
04022014
04022015
04022016
04022017
04022018
04022019
04032010
04032011
04032012
04032013
04032014
04032015
04032016
04032017
04032018
04032019
04042010
04042011
04042012
04042013
04042014
04042015
04042016
04042017
04042018
04042019
04052010
04052011
04052012
04052013
04052014
04052015
04052016
04052017
04052018
04052019
04062010
04062011
04062012
04062013
04062014
04062015
04062016
04062017
04062018
04062019
04072010
04072011
04072012
04072013
04072014
04072015
04072016
04072017
04072018
04072019
04082010
04082011
04082012
04082013
04082014
04082015
04082016
04082017
04082018
04082019
04092010
04092011
04092012
04092013
04092014
04092015
04092016
04092017
04092018
04092019
05002010
05002011
05002012
05002013
05002014
05002015
05002016
05002017
05002018
05002019
05012010
05012011
05012012
05012013
05012014
05012015
05012016
05012017
05012018
05012019
05022010
05022011
05022012
05022013
05022014
05022015
05022016
05022017
05022018
05022019
05032010
05032011
05032012
05032013
05032014
05032015
05032016
05032017
05032018
05032019
05042010
05042011
05042012
05042013
05042014
05042015
05042016
05042017
05042018
05042019
05052010
05052011
05052012
05052013
05052014
05052015
05052016
05052017
05052018
05052019
05062010
05062011
05062012
05062013
05062014
05062015
05062016
05062017
05062018
05062019
05072010
05072011
05072012
05072013
05072014
05072015
05072016
05072017
05072018
05072019
05082010
05082011
05082012
05082013
05082014
05082015
05082016
05082017
05082018
05082019
05092010
05092011
05092012
05092013
05092014
05092015
05092016
05092017
05092018
05092019
06002010
06002011
06002012
06002013
06002014
06002015
06002016
06002017
06002018
06002019
06012010
06012011
06012012
06012013
06012014
06012015
06012016
06012017
06012018
06012019
06022010
06022011
06022012
06022013
06022014
06022015
06022016
06022017
06022018
06022019
06032010
06032011
06032012
06032013
06032014
06032015
06032016
06032017
06032018
06032019
06042010
06042011
06042012
06042013
06042014
06042015
06042016
06042017
06042018
06042019
06052010
06052011
06052012
06052013
06052014
06052015
06052016
06052017
06052018
06052019
06062010
06062011
06062012
06062013
06062014
06062015
06062016
06062017
06062018
06062019
06072010
06072011
06072012
06072013
06072014
06072015
06072016
06072017
06072018
06072019
06082010
06082011
06082012
06082013
06082014
06082015
06082016
06082017
06082018
06082019
06092010
06092011
06092012
06092013
06092014
06092015
06092016
06092017
06092018
06092019
07002010
07002011
07002012
07002013
07002014
07002015
07002016
07002017
07002018
07002019
07012010
07012011
07012012
07012013
07012014
07012015
07012016
07012017
07012018
07012019
07022010
07022011
07022012
07022013
07022014
07022015
07022016
07022017
07022018
07022019
07032010
07032011
07032012
07032013
07032014
07032015
07032016
07032017
07032018
07032019
07042010
07042011
07042012
07042013
07042014
07042015
07042016
07042017
07042018
07042019
07052010
07052011
07052012
07052013
07052014
07052015
07052016
07052017
07052018
07052019
07062010
07062011
07062012
07062013
07062014
07062015
07062016
07062017
07062018
07062019
07072010
07072011
07072012
07072013
07072014
07072015
07072016
07072017
07072018
07072019
07082010
07082011
07082012
07082013
07082014
07082015
07082016
07082017
07082018
07082019
07092010
07092011
07092012
07092013
07092014
07092015
07092016
07092017
07092018
07092019
08002010
08002011
08002012
08002013
08002014
08002015
08002016
08002017
08002018
08002019
08012010
08012011
08012012
08012013
08012014
08012015
08012016
08012017
08012018
08012019
08022010
08022011
08022012
08022013
08022014
08022015
08022016
08022017
08022018
08022019
08032010
08032011
08032012
08032013
08032014
08032015
08032016
08032017
08032018
08032019
08042010
08042011
08042012
08042013
08042014
08042015
08042016
08042017
08042018
08042019
08052010
08052011
08052012
08052013
08052014
08052015
08052016
08052017
08052018
08052019
08062010
08062011
08062012
08062013
08062014
08062015
08062016
08062017
08062018
08062019
08072010
08072011
08072012
08072013
08072014
08072015
08072016
08072017
08072018
08072019
08082010
08082011
08082012
08082013
08082014
08082015
08082016
08082017
08082018
08082019
08092010
08092011
08092012
08092013
08092014
08092015
08092016
08092017
08092018
08092019
09002010
09002011
09002012
09002013
09002014
09002015
09002016
09002017
09002018
09002019
09012010
09012011
09012012
09012013
09012014
09012015
09012016
09012017
09012018
09012019
09022010
09022011
09022012
09022013
09022014
09022015
09022016
09022017
09022018
09022019
09032010
09032011
09032012
09032013
09032014
09032015
09032016
09032017
09032018
09032019
09042010
09042011
09042012
09042013
09042014
09042015
09042016
09042017
09042018
09042019
09052010
09052011
09052012
09052013
09052014
09052015
09052016
09052017
09052018
09052019
09062010
09062011
09062012
09062013
09062014
09062015
09062016
09062017
09062018
09062019
09072010
09072011
09072012
09072013
09072014
09072015
09072016
09072017
09072018
09072019
09082010
09082011
09082012
09082013
09082014
09082015
09082016
09082017
09082018
09082019
09092010
09092011
09092012
09092013
09092014
09092015
09092016
09092017
09092018
09092019
