00001980
00001981
00001982
00001983
00001984
00001985
00001986
00001987
00001988
00001989
00011980
00011981
00011982
00011983
00011984
00011985
00011986
00011987
00011988
00011989
00021980
00021981
00021982
00021983
00021984
00021985
00021986
00021987
00021988
00021989
00031980
00031981
00031982
00031983
00031984
00031985
00031986
00031987
00031988
00031989
00041980
00041981
00041982
00041983
00041984
00041985
00041986
00041987
00041988
00041989
00051980
00051981
00051982
00051983
00051984
00051985
00051986
00051987
00051988
00051989
00061980
00061981
00061982
00061983
00061984
00061985
00061986
00061987
00061988
00061989
00071980
00071981
00071982
00071983
00071984
00071985
00071986
00071987
00071988
00071989
00081980
00081981
00081982
00081983
00081984
00081985
00081986
00081987
00081988
00081989
00091980
00091981
00091982
00091983
00091984
00091985
00091986
00091987
00091988
00091989
01001980
01001981
01001982
01001983
01001984
01001985
01001986
01001987
01001988
01001989
01011980
01011981
01011982
01011983
01011984
01011985
01011986
01011987
01011988
01011989
01021980
01021981
01021982
01021983
01021984
01021985
01021986
01021987
01021988
01021989
01031980
01031981
01031982
01031983
01031984
01031985
01031986
01031987
01031988
01031989
01041980
01041981
01041982
01041983
01041984
01041985
01041986
01041987
01041988
01041989
01051980
01051981
01051982
01051983
01051984
01051985
01051986
01051987
01051988
01051989
01061980
01061981
01061982
01061983
01061984
01061985
01061986
01061987
01061988
01061989
01071980
01071981
01071982
01071983
01071984
01071985
01071986
01071987
01071988
01071989
01081980
01081981
01081982
01081983
01081984
01081985
01081986
01081987
01081988
01081989
01091980
01091981
01091982
01091983
01091984
01091985
01091986
01091987
01091988
01091989
02001980
02001981
02001982
02001983
02001984
02001985
02001986
02001987
02001988
02001989
02011980
02011981
02011982
02011983
02011984
02011985
02011986
02011987
02011988
02011989
02021980
02021981
02021982
02021983
02021984
02021985
02021986
02021987
02021988
02021989
02031980
02031981
02031982
02031983
02031984
02031985
02031986
02031987
02031988
02031989
02041980
02041981
02041982
02041983
02041984
02041985
02041986
02041987
02041988
02041989
02051980
02051981
02051982
02051983
02051984
02051985
02051986
02051987
02051988
02051989
02061980
02061981
02061982
02061983
02061984
02061985
02061986
02061987
02061988
02061989
02071980
02071981
02071982
02071983
02071984
02071985
02071986
02071987
02071988
02071989
02081980
02081981
02081982
02081983
02081984
02081985
02081986
02081987
02081988
02081989
02091980
02091981
02091982
02091983
02091984
02091985
02091986
02091987
02091988
02091989
03001980
03001981
03001982
03001983
03001984
03001985
03001986
03001987
03001988
03001989
03011980
03011981
03011982
03011983
03011984
03011985
03011986
03011987
03011988
03011989
03021980
03021981
03021982
03021983
03021984
03021985
03021986
03021987
03021988
03021989
03031980
03031981
03031982
03031983
03031984
03031985
03031986
03031987
03031988
03031989
03041980
03041981
03041982
03041983
03041984
03041985
03041986
03041987
03041988
03041989
03051980
03051981
03051982
03051983
03051984
03051985
03051986
03051987
03051988
03051989
03061980
03061981
03061982
03061983
03061984
03061985
03061986
03061987
03061988
03061989
03071980
03071981
03071982
03071983
03071984
03071985
03071986
03071987
03071988
03071989
03081980
03081981
03081982
03081983
03081984
03081985
03081986
03081987
03081988
03081989
03091980
03091981
03091982
03091983
03091984
03091985
03091986
03091987
03091988
03091989
04001980
04001981
04001982
04001983
04001984
04001985
04001986
04001987
04001988
04001989
04011980
04011981
04011982
04011983
04011984
04011985
04011986
04011987
04011988
04011989
04021980
04021981
04021982
04021983
04021984
04021985
04021986
04021987
04021988
04021989
04031980
04031981
04031982
04031983
04031984
04031985
04031986
04031987
04031988
04031989
04041980
04041981
04041982
04041983
04041984
04041985
04041986
04041987
04041988
04041989
04051980
04051981
04051982
04051983
04051984
04051985
04051986
04051987
04051988
04051989
04061980
04061981
04061982
04061983
04061984
04061985
04061986
04061987
04061988
04061989
04071980
04071981
04071982
04071983
04071984
04071985
04071986
04071987
04071988
04071989
04081980
04081981
04081982
04081983
04081984
04081985
04081986
04081987
04081988
04081989
04091980
04091981
04091982
04091983
04091984
04091985
04091986
04091987
04091988
04091989
05001980
05001981
05001982
05001983
05001984
05001985
05001986
05001987
05001988
05001989
05011980
05011981
05011982
05011983
05011984
05011985
05011986
05011987
05011988
05011989
05021980
05021981
05021982
05021983
05021984
05021985
05021986
05021987
05021988
05021989
05031980
05031981
05031982
05031983
05031984
05031985
05031986
05031987
05031988
05031989
05041980
05041981
05041982
05041983
05041984
05041985
05041986
05041987
05041988
05041989
05051980
05051981
05051982
05051983
05051984
05051985
05051986
05051987
05051988
05051989
05061980
05061981
05061982
05061983
05061984
05061985
05061986
05061987
05061988
05061989
05071980
05071981
05071982
05071983
05071984
05071985
05071986
05071987
05071988
05071989
05081980
05081981
05081982
05081983
05081984
05081985
05081986
05081987
05081988
05081989
05091980
05091981
05091982
05091983
05091984
05091985
05091986
05091987
05091988
05091989
06001980
06001981
06001982
06001983
06001984
06001985
06001986
06001987
06001988
06001989
06011980
06011981
06011982
06011983
06011984
06011985
06011986
06011987
06011988
06011989
06021980
06021981
06021982
06021983
06021984
06021985
06021986
06021987
06021988
06021989
06031980
06031981
06031982
06031983
06031984
06031985
06031986
06031987
06031988
06031989
06041980
06041981
06041982
06041983
06041984
06041985
06041986
06041987
06041988
06041989
06051980
06051981
06051982
06051983
06051984
06051985
06051986
06051987
06051988
06051989
06061980
06061981
06061982
06061983
06061984
06061985
06061986
06061987
06061988
06061989
06071980
06071981
06071982
06071983
06071984
06071985
06071986
06071987
06071988
06071989
06081980
06081981
06081982
06081983
06081984
06081985
06081986
06081987
06081988
06081989
06091980
06091981
06091982
06091983
06091984
06091985
06091986
06091987
06091988
06091989
07001980
07001981
07001982
07001983
07001984
07001985
07001986
07001987
07001988
07001989
07011980
07011981
07011982
07011983
07011984
07011985
07011986
07011987
07011988
07011989
07021980
07021981
07021982
07021983
07021984
07021985
07021986
07021987
07021988
07021989
07031980
07031981
07031982
07031983
07031984
07031985
07031986
07031987
07031988
07031989
07041980
07041981
07041982
07041983
07041984
07041985
07041986
07041987
07041988
07041989
07051980
07051981
07051982
07051983
07051984
07051985
07051986
07051987
07051988
07051989
07061980
07061981
07061982
07061983
07061984
07061985
07061986
07061987
07061988
07061989
07071980
07071981
07071982
07071983
07071984
07071985
07071986
07071987
07071988
07071989
07081980
07081981
07081982
07081983
07081984
07081985
07081986
07081987
07081988
07081989
07091980
07091981
07091982
07091983
07091984
07091985
07091986
07091987
07091988
07091989
08001980
08001981
08001982
08001983
08001984
08001985
08001986
08001987
08001988
08001989
08011980
08011981
08011982
08011983
08011984
08011985
08011986
08011987
08011988
08011989
08021980
08021981
08021982
08021983
08021984
08021985
08021986
08021987
08021988
08021989
08031980
08031981
08031982
08031983
08031984
08031985
08031986
08031987
08031988
08031989
08041980
08041981
08041982
08041983
08041984
08041985
08041986
08041987
08041988
08041989
08051980
08051981
08051982
08051983
08051984
08051985
08051986
08051987
08051988
08051989
08061980
08061981
08061982
08061983
08061984
08061985
08061986
08061987
08061988
08061989
08071980
08071981
08071982
08071983
08071984
08071985
08071986
08071987
08071988
08071989
08081980
08081981
08081982
08081983
08081984
08081985
08081986
08081987
08081988
08081989
08091980
08091981
08091982
08091983
08091984
08091985
08091986
08091987
08091988
08091989
09001980
09001981
09001982
09001983
09001984
09001985
09001986
09001987
09001988
09001989
09011980
09011981
09011982
09011983
09011984
09011985
09011986
09011987
09011988
09011989
09021980
09021981
09021982
09021983
09021984
09021985
09021986
09021987
09021988
09021989
09031980
09031981
09031982
09031983
09031984
09031985
09031986
09031987
09031988
09031989
09041980
09041981
09041982
09041983
09041984
09041985
09041986
09041987
09041988
09041989
09051980
09051981
09051982
09051983
09051984
09051985
09051986
09051987
09051988
09051989
09061980
09061981
09061982
09061983
09061984
09061985
09061986
09061987
09061988
09061989
09071980
09071981
09071982
09071983
09071984
09071985
09071986
09071987
09071988
09071989
09081980
09081981
09081982
09081983
09081984
09081985
09081986
09081987
09081988
09081989
09091980
09091981
09091982
09091983
09091984
09091985
09091986
09091987
09091988
09091989
