00001990
00001991
00001992
00001993
00001994
00001995
00001996
00001997
00001998
00001999
00011990
00011991
00011992
00011993
00011994
00011995
00011996
00011997
00011998
00011999
00021990
00021991
00021992
00021993
00021994
00021995
00021996
00021997
00021998
00021999
00031990
00031991
00031992
00031993
00031994
00031995
00031996
00031997
00031998
00031999
00041990
00041991
00041992
00041993
00041994
00041995
00041996
00041997
00041998
00041999
00051990
00051991
00051992
00051993
00051994
00051995
00051996
00051997
00051998
00051999
00061990
00061991
00061992
00061993
00061994
00061995
00061996
00061997
00061998
00061999
00071990
00071991
00071992
00071993
00071994
00071995
00071996
00071997
00071998
00071999
00081990
00081991
00081992
00081993
00081994
00081995
00081996
00081997
00081998
00081999
00091990
00091991
00091992
00091993
00091994
00091995
00091996
00091997
00091998
00091999
01001990
01001991
01001992
01001993
01001994
01001995
01001996
01001997
01001998
01001999
01011990
01011991
01011992
01011993
01011994
01011995
01011996
01011997
01011998
01011999
01021990
01021991
01021992
01021993
01021994
01021995
01021996
01021997
01021998
01021999
01031990
01031991
01031992
01031993
01031994
01031995
01031996
01031997
01031998
01031999
01041990
01041991
01041992
01041993
01041994
01041995
01041996
01041997
01041998
01041999
01051990
01051991
01051992
01051993
01051994
01051995
01051996
01051997
01051998
01051999
01061990
01061991
01061992
01061993
01061994
01061995
01061996
01061997
01061998
01061999
01071990
01071991
01071992
01071993
01071994
01071995
01071996
01071997
01071998
01071999
01081990
01081991
01081992
01081993
01081994
01081995
01081996
01081997
01081998
01081999
01091990
01091991
01091992
01091993
01091994
01091995
01091996
01091997
01091998
01091999
02001990
02001991
02001992
02001993
02001994
02001995
02001996
02001997
02001998
02001999
02011990
02011991
02011992
02011993
02011994
02011995
02011996
02011997
02011998
02011999
02021990
02021991
02021992
02021993
02021994
02021995
02021996
02021997
02021998
02021999
02031990
02031991
02031992
02031993
02031994
02031995
02031996
02031997
02031998
02031999
02041990
02041991
02041992
02041993
02041994
02041995
02041996
02041997
02041998
02041999
02051990
02051991
02051992
02051993
02051994
02051995
02051996
02051997
02051998
02051999
02061990
02061991
02061992
02061993
02061994
02061995
02061996
02061997
02061998
02061999
02071990
02071991
02071992
02071993
02071994
02071995
02071996
02071997
02071998
02071999
02081990
02081991
02081992
02081993
02081994
02081995
02081996
02081997
02081998
02081999
02091990
02091991
02091992
02091993
02091994
02091995
02091996
02091997
02091998
02091999
03001990
03001991
03001992
03001993
03001994
03001995
03001996
03001997
03001998
03001999
03011990
03011991
03011992
03011993
03011994
03011995
03011996
03011997
03011998
03011999
03021990
03021991
03021992
03021993
03021994
03021995
03021996
03021997
03021998
03021999
03031990
03031991
03031992
03031993
03031994
03031995
03031996
03031997
03031998
03031999
03041990
03041991
03041992
03041993
03041994
03041995
03041996
03041997
03041998
03041999
03051990
03051991
03051992
03051993
03051994
03051995
03051996
03051997
03051998
03051999
03061990
03061991
03061992
03061993
03061994
03061995
03061996
03061997
03061998
03061999
03071990
03071991
03071992
03071993
03071994
03071995
03071996
03071997
03071998
03071999
03081990
03081991
03081992
03081993
03081994
03081995
03081996
03081997
03081998
03081999
03091990
03091991
03091992
03091993
03091994
03091995
03091996
03091997
03091998
03091999
04001990
04001991
04001992
04001993
04001994
04001995
04001996
04001997
04001998
04001999
04011990
04011991
04011992
04011993
04011994
04011995
04011996
04011997
04011998
04011999
04021990
04021991
04021992
04021993
04021994
04021995
04021996
04021997
04021998
04021999
04031990
04031991
04031992
04031993
04031994
04031995
04031996
04031997
04031998
04031999
04041990
04041991
04041992
04041993
04041994
04041995
04041996
04041997
04041998
04041999
04051990
04051991
04051992
04051993
04051994
04051995
04051996
04051997
04051998
04051999
04061990
04061991
04061992
04061993
04061994
04061995
04061996
04061997
04061998
04061999
04071990
04071991
04071992
04071993
04071994
04071995
04071996
04071997
04071998
04071999
04081990
04081991
04081992
04081993
04081994
04081995
04081996
04081997
04081998
04081999
04091990
04091991
04091992
04091993
04091994
04091995
04091996
04091997
04091998
04091999
05001990
05001991
05001992
05001993
05001994
05001995
05001996
05001997
05001998
05001999
05011990
05011991
05011992
05011993
05011994
05011995
05011996
05011997
05011998
05011999
05021990
05021991
05021992
05021993
05021994
05021995
05021996
05021997
05021998
05021999
05031990
05031991
05031992
05031993
05031994
05031995
05031996
05031997
05031998
05031999
05041990
05041991
05041992
05041993
05041994
05041995
05041996
05041997
05041998
05041999
05051990
05051991
05051992
05051993
05051994
05051995
05051996
05051997
05051998
05051999
05061990
05061991
05061992
05061993
05061994
05061995
05061996
05061997
05061998
05061999
05071990
05071991
05071992
05071993
05071994
05071995
05071996
05071997
05071998
05071999
05081990
05081991
05081992
05081993
05081994
05081995
05081996
05081997
05081998
05081999
05091990
05091991
05091992
05091993
05091994
05091995
05091996
05091997
05091998
05091999
06001990
06001991
06001992
06001993
06001994
06001995
06001996
06001997
06001998
06001999
06011990
06011991
06011992
06011993
06011994
06011995
06011996
06011997
06011998
06011999
06021990
06021991
06021992
06021993
06021994
06021995
06021996
06021997
06021998
06021999
06031990
06031991
06031992
06031993
06031994
06031995
06031996
06031997
06031998
06031999
06041990
06041991
06041992
06041993
06041994
06041995
06041996
06041997
06041998
06041999
06051990
06051991
06051992
06051993
06051994
06051995
06051996
06051997
06051998
06051999
06061990
06061991
06061992
06061993
06061994
06061995
06061996
06061997
06061998
06061999
06071990
06071991
06071992
06071993
06071994
06071995
06071996
06071997
06071998
06071999
06081990
06081991
06081992
06081993
06081994
06081995
06081996
06081997
06081998
06081999
06091990
06091991
06091992
06091993
06091994
06091995
06091996
06091997
06091998
06091999
07001990
07001991
07001992
07001993
07001994
07001995
07001996
07001997
07001998
07001999
07011990
07011991
07011992
07011993
07011994
07011995
07011996
07011997
07011998
07011999
07021990
07021991
07021992
07021993
07021994
07021995
07021996
07021997
07021998
07021999
07031990
07031991
07031992
07031993
07031994
07031995
07031996
07031997
07031998
07031999
07041990
07041991
07041992
07041993
07041994
07041995
07041996
07041997
07041998
07041999
07051990
07051991
07051992
07051993
07051994
07051995
07051996
07051997
07051998
07051999
07061990
07061991
07061992
07061993
07061994
07061995
07061996
07061997
07061998
07061999
07071990
07071991
07071992
07071993
07071994
07071995
07071996
07071997
07071998
07071999
07081990
07081991
07081992
07081993
07081994
07081995
07081996
07081997
07081998
07081999
07091990
07091991
07091992
07091993
07091994
07091995
07091996
07091997
07091998
07091999
08001990
08001991
08001992
08001993
08001994
08001995
08001996
08001997
08001998
08001999
08011990
08011991
08011992
08011993
08011994
08011995
08011996
08011997
08011998
08011999
08021990
08021991
08021992
08021993
08021994
08021995
08021996
08021997
08021998
08021999
08031990
08031991
08031992
08031993
08031994
08031995
08031996
08031997
08031998
08031999
08041990
08041991
08041992
08041993
08041994
08041995
08041996
08041997
08041998
08041999
08051990
08051991
08051992
08051993
08051994
08051995
08051996
08051997
08051998
08051999
08061990
08061991
08061992
08061993
08061994
08061995
08061996
08061997
08061998
08061999
08071990
08071991
08071992
08071993
08071994
08071995
08071996
08071997
08071998
08071999
08081990
08081991
08081992
08081993
08081994
08081995
08081996
08081997
08081998
08081999
08091990
08091991
08091992
08091993
08091994
08091995
08091996
08091997
08091998
08091999
09001990
09001991
09001992
09001993
09001994
09001995
09001996
09001997
09001998
09001999
09011990
09011991
09011992
09011993
09011994
09011995
09011996
09011997
09011998
09011999
09021990
09021991
09021992
09021993
09021994
09021995
09021996
09021997
09021998
09021999
09031990
09031991
09031992
09031993
09031994
09031995
09031996
09031997
09031998
09031999
09041990
09041991
09041992
09041993
09041994
09041995
09041996
09041997
09041998
09041999
09051990
09051991
09051992
09051993
09051994
09051995
09051996
09051997
09051998
09051999
09061990
09061991
09061992
09061993
09061994
09061995
09061996
09061997
09061998
09061999
09071990
09071991
09071992
09071993
09071994
09071995
09071996
09071997
09071998
09071999
09081990
09081991
09081992
09081993
09081994
09081995
09081996
09081997
09081998
09081999
09091990
09091991
09091992
09091993
09091994
09091995
09091996
09091997
09091998
09091999
