00102010
00102011
00102012
00102013
00102014
00102015
00102016
00102017
00102018
00102019
00112010
00112011
00112012
00112013
00112014
00112015
00112016
00112017
00112018
00112019
00122010
00122011
00122012
00122013
00122014
00122015
00122016
00122017
00122018
00122019
00132010
00132011
00132012
00132013
00132014
00132015
00132016
00132017
00132018
00132019
00142010
00142011
00142012
00142013
00142014
00142015
00142016
00142017
00142018
00142019
00152010
00152011
00152012
00152013
00152014
00152015
00152016
00152017
00152018
00152019
00162010
00162011
00162012
00162013
00162014
00162015
00162016
00162017
00162018
00162019
00172010
00172011
00172012
00172013
00172014
00172015
00172016
00172017
00172018
00172019
00182010
00182011
00182012
00182013
00182014
00182015
00182016
00182017
00182018
00182019
00192010
00192011
00192012
00192013
00192014
00192015
00192016
00192017
00192018
00192019
01102010
01102011
01102012
01102013
01102014
01102015
01102016
01102017
01102018
01102019
01112010
01112011
01112012
01112013
01112014
01112015
01112016
01112017
01112018
01112019
01122010
01122011
01122012
01122013
01122014
01122015
01122016
01122017
01122018
01122019
01132010
01132011
01132012
01132013
01132014
01132015
01132016
01132017
01132018
01132019
01142010
01142011
01142012
01142013
01142014
01142015
01142016
01142017
01142018
01142019
01152010
01152011
01152012
01152013
01152014
01152015
01152016
01152017
01152018
01152019
01162010
01162011
01162012
01162013
01162014
01162015
01162016
01162017
01162018
01162019
01172010
01172011
01172012
01172013
01172014
01172015
01172016
01172017
01172018
01172019
01182010
01182011
01182012
01182013
01182014
01182015
01182016
01182017
01182018
01182019
01192010
01192011
01192012
01192013
01192014
01192015
01192016
01192017
01192018
01192019
02102010
02102011
02102012
02102013
02102014
02102015
02102016
02102017
02102018
02102019
02112010
02112011
02112012
02112013
02112014
02112015
02112016
02112017
02112018
02112019
02122010
02122011
02122012
02122013
02122014
02122015
02122016
02122017
02122018
02122019
02132010
02132011
02132012
02132013
02132014
02132015
02132016
02132017
02132018
02132019
02142010
02142011
02142012
02142013
02142014
02142015
02142016
02142017
02142018
02142019
02152010
02152011
02152012
02152013
02152014
02152015
02152016
02152017
02152018
02152019
02162010
02162011
02162012
02162013
02162014
02162015
02162016
02162017
02162018
02162019
02172010
02172011
02172012
02172013
02172014
02172015
02172016
02172017
02172018
02172019
02182010
02182011
02182012
02182013
02182014
02182015
02182016
02182017
02182018
02182019
02192010
02192011
02192012
02192013
02192014
02192015
02192016
02192017
02192018
02192019
03102010
03102011
03102012
03102013
03102014
03102015
03102016
03102017
03102018
03102019
03112010
03112011
03112012
03112013
03112014
03112015
03112016
03112017
03112018
03112019
03122010
03122011
03122012
03122013
03122014
03122015
03122016
03122017
03122018
03122019
03132010
03132011
03132012
03132013
03132014
03132015
03132016
03132017
03132018
03132019
03142010
03142011
03142012
03142013
03142014
03142015
03142016
03142017
03142018
03142019
03152010
03152011
03152012
03152013
03152014
03152015
03152016
03152017
03152018
03152019
03162010
03162011
03162012
03162013
03162014
03162015
03162016
03162017
03162018
03162019
03172010
03172011
03172012
03172013
03172014
03172015
03172016
03172017
03172018
03172019
03182010
03182011
03182012
03182013
03182014
03182015
03182016
03182017
03182018
03182019
03192010
03192011
03192012
03192013
03192014
03192015
03192016
03192017
03192018
03192019
04102010
04102011
04102012
04102013
04102014
04102015
04102016
04102017
04102018
04102019
04112010
04112011
04112012
04112013
04112014
04112015
04112016
04112017
04112018
04112019
04122010
04122011
04122012
04122013
04122014
04122015
04122016
04122017
04122018
04122019
04132010
04132011
04132012
04132013
04132014
04132015
04132016
04132017
04132018
04132019
04142010
04142011
04142012
04142013
04142014
04142015
04142016
04142017
04142018
04142019
04152010
04152011
04152012
04152013
04152014
04152015
04152016
04152017
04152018
04152019
04162010
04162011
04162012
04162013
04162014
04162015
04162016
04162017
04162018
04162019
04172010
04172011
04172012
04172013
04172014
04172015
04172016
04172017
04172018
04172019
04182010
04182011
04182012
04182013
04182014
04182015
04182016
04182017
04182018
04182019
04192010
04192011
04192012
04192013
04192014
04192015
04192016
04192017
04192018
04192019
05102010
05102011
05102012
05102013
05102014
05102015
05102016
05102017
05102018
05102019
05112010
05112011
05112012
05112013
05112014
05112015
05112016
05112017
05112018
05112019
05122010
05122011
05122012
05122013
05122014
05122015
05122016
05122017
05122018
05122019
05132010
05132011
05132012
05132013
05132014
05132015
05132016
05132017
05132018
05132019
05142010
05142011
05142012
05142013
05142014
05142015
05142016
05142017
05142018
05142019
05152010
05152011
05152012
05152013
05152014
05152015
05152016
05152017
05152018
05152019
05162010
05162011
05162012
05162013
05162014
05162015
05162016
05162017
05162018
05162019
05172010
05172011
05172012
05172013
05172014
05172015
05172016
05172017
05172018
05172019
05182010
05182011
05182012
05182013
05182014
05182015
05182016
05182017
05182018
05182019
05192010
05192011
05192012
05192013
05192014
05192015
05192016
05192017
05192018
05192019
06102010
06102011
06102012
06102013
06102014
06102015
06102016
06102017
06102018
06102019
06112010
06112011
06112012
06112013
06112014
06112015
06112016
06112017
06112018
06112019
06122010
06122011
06122012
06122013
06122014
06122015
06122016
06122017
06122018
06122019
06132010
06132011
06132012
06132013
06132014
06132015
06132016
06132017
06132018
06132019
06142010
06142011
06142012
06142013
06142014
06142015
06142016
06142017
06142018
06142019
06152010
06152011
06152012
06152013
06152014
06152015
06152016
06152017
06152018
06152019
06162010
06162011
06162012
06162013
06162014
06162015
06162016
06162017
06162018
06162019
06172010
06172011
06172012
06172013
06172014
06172015
06172016
06172017
06172018
06172019
06182010
06182011
06182012
06182013
06182014
06182015
06182016
06182017
06182018
06182019
06192010
06192011
06192012
06192013
06192014
06192015
06192016
06192017
06192018
06192019
07102010
07102011
07102012
07102013
07102014
07102015
07102016
07102017
07102018
07102019
07112010
07112011
07112012
07112013
07112014
07112015
07112016
07112017
07112018
07112019
07122010
07122011
07122012
07122013
07122014
07122015
07122016
07122017
07122018
07122019
07132010
07132011
07132012
07132013
07132014
07132015
07132016
07132017
07132018
07132019
07142010
07142011
07142012
07142013
07142014
07142015
07142016
07142017
07142018
07142019
07152010
07152011
07152012
07152013
07152014
07152015
07152016
07152017
07152018
07152019
07162010
07162011
07162012
07162013
07162014
07162015
07162016
07162017
07162018
07162019
07172010
07172011
07172012
07172013
07172014
07172015
07172016
07172017
07172018
07172019
07182010
07182011
07182012
07182013
07182014
07182015
07182016
07182017
07182018
07182019
07192010
07192011
07192012
07192013
07192014
07192015
07192016
07192017
07192018
07192019
08102010
08102011
08102012
08102013
08102014
08102015
08102016
08102017
08102018
08102019
08112010
08112011
08112012
08112013
08112014
08112015
08112016
08112017
08112018
08112019
08122010
08122011
08122012
08122013
08122014
08122015
08122016
08122017
08122018
08122019
08132010
08132011
08132012
08132013
08132014
08132015
08132016
08132017
08132018
08132019
08142010
08142011
08142012
08142013
08142014
08142015
08142016
08142017
08142018
08142019
08152010
08152011
08152012
08152013
08152014
08152015
08152016
08152017
08152018
08152019
08162010
08162011
08162012
08162013
08162014
08162015
08162016
08162017
08162018
08162019
08172010
08172011
08172012
08172013
08172014
08172015
08172016
08172017
08172018
08172019
08182010
08182011
08182012
08182013
08182014
08182015
08182016
08182017
08182018
08182019
08192010
08192011
08192012
08192013
08192014
08192015
08192016
08192017
08192018
08192019
09102010
09102011
09102012
09102013
09102014
09102015
09102016
09102017
09102018
09102019
09112010
09112011
09112012
09112013
09112014
09112015
09112016
09112017
09112018
09112019
09122010
09122011
09122012
09122013
09122014
09122015
09122016
09122017
09122018
09122019
09132010
09132011
09132012
09132013
09132014
09132015
09132016
09132017
09132018
09132019
09142010
09142011
09142012
09142013
09142014
09142015
09142016
09142017
09142018
09142019
09152010
09152011
09152012
09152013
09152014
09152015
09152016
09152017
09152018
09152019
09162010
09162011
09162012
09162013
09162014
09162015
09162016
09162017
09162018
09162019
09172010
09172011
09172012
09172013
09172014
09172015
09172016
09172017
09172018
09172019
09182010
09182011
09182012
09182013
09182014
09182015
09182016
09182017
09182018
09182019
09192010
09192011
09192012
09192013
09192014
09192015
09192016
09192017
09192018
09192019
