00101980
00101981
00101982
00101983
00101984
00101985
00101986
00101987
00101988
00101989
00111980
00111981
00111982
00111983
00111984
00111985
00111986
00111987
00111988
00111989
00121980
00121981
00121982
00121983
00121984
00121985
00121986
00121987
00121988
00121989
00131980
00131981
00131982
00131983
00131984
00131985
00131986
00131987
00131988
00131989
00141980
00141981
00141982
00141983
00141984
00141985
00141986
00141987
00141988
00141989
00151980
00151981
00151982
00151983
00151984
00151985
00151986
00151987
00151988
00151989
00161980
00161981
00161982
00161983
00161984
00161985
00161986
00161987
00161988
00161989
00171980
00171981
00171982
00171983
00171984
00171985
00171986
00171987
00171988
00171989
00181980
00181981
00181982
00181983
00181984
00181985
00181986
00181987
00181988
00181989
00191980
00191981
00191982
00191983
00191984
00191985
00191986
00191987
00191988
00191989
01101980
01101981
01101982
01101983
01101984
01101985
01101986
01101987
01101988
01101989
01111980
01111981
01111982
01111983
01111984
01111985
01111986
01111987
01111988
01111989
01121980
01121981
01121982
01121983
01121984
01121985
01121986
01121987
01121988
01121989
01131980
01131981
01131982
01131983
01131984
01131985
01131986
01131987
01131988
01131989
01141980
01141981
01141982
01141983
01141984
01141985
01141986
01141987
01141988
01141989
01151980
01151981
01151982
01151983
01151984
01151985
01151986
01151987
01151988
01151989
01161980
01161981
01161982
01161983
01161984
01161985
01161986
01161987
01161988
01161989
01171980
01171981
01171982
01171983
01171984
01171985
01171986
01171987
01171988
01171989
01181980
01181981
01181982
01181983
01181984
01181985
01181986
01181987
01181988
01181989
01191980
01191981
01191982
01191983
01191984
01191985
01191986
01191987
01191988
01191989
02101980
02101981
02101982
02101983
02101984
02101985
02101986
02101987
02101988
02101989
02111980
02111981
02111982
02111983
02111984
02111985
02111986
02111987
02111988
02111989
02121980
02121981
02121982
02121983
02121984
02121985
02121986
02121987
02121988
02121989
02131980
02131981
02131982
02131983
02131984
02131985
02131986
02131987
02131988
02131989
02141980
02141981
02141982
02141983
02141984
02141985
02141986
02141987
02141988
02141989
02151980
02151981
02151982
02151983
02151984
02151985
02151986
02151987
02151988
02151989
02161980
02161981
02161982
02161983
02161984
02161985
02161986
02161987
02161988
02161989
02171980
02171981
02171982
02171983
02171984
02171985
02171986
02171987
02171988
02171989
02181980
02181981
02181982
02181983
02181984
02181985
02181986
02181987
02181988
02181989
02191980
02191981
02191982
02191983
02191984
02191985
02191986
02191987
02191988
02191989
03101980
03101981
03101982
03101983
03101984
03101985
03101986
03101987
03101988
03101989
03111980
03111981
03111982
03111983
03111984
03111985
03111986
03111987
03111988
03111989
03121980
03121981
03121982
03121983
03121984
03121985
03121986
03121987
03121988
03121989
03131980
03131981
03131982
03131983
03131984
03131985
03131986
03131987
03131988
03131989
03141980
03141981
03141982
03141983
03141984
03141985
03141986
03141987
03141988
03141989
03151980
03151981
03151982
03151983
03151984
03151985
03151986
03151987
03151988
03151989
03161980
03161981
03161982
03161983
03161984
03161985
03161986
03161987
03161988
03161989
03171980
03171981
03171982
03171983
03171984
03171985
03171986
03171987
03171988
03171989
03181980
03181981
03181982
03181983
03181984
03181985
03181986
03181987
03181988
03181989
03191980
03191981
03191982
03191983
03191984
03191985
03191986
03191987
03191988
03191989
04101980
04101981
04101982
04101983
04101984
04101985
04101986
04101987
04101988
04101989
04111980
04111981
04111982
04111983
04111984
04111985
04111986
04111987
04111988
04111989
04121980
04121981
04121982
04121983
04121984
04121985
04121986
04121987
04121988
04121989
04131980
04131981
04131982
04131983
04131984
04131985
04131986
04131987
04131988
04131989
04141980
04141981
04141982
04141983
04141984
04141985
04141986
04141987
04141988
04141989
04151980
04151981
04151982
04151983
04151984
04151985
04151986
04151987
04151988
04151989
04161980
04161981
04161982
04161983
04161984
04161985
04161986
04161987
04161988
04161989
04171980
04171981
04171982
04171983
04171984
04171985
04171986
04171987
04171988
04171989
04181980
04181981
04181982
04181983
04181984
04181985
04181986
04181987
04181988
04181989
04191980
04191981
04191982
04191983
04191984
04191985
04191986
04191987
04191988
04191989
05101980
05101981
05101982
05101983
05101984
05101985
05101986
05101987
05101988
05101989
05111980
05111981
05111982
05111983
05111984
05111985
05111986
05111987
05111988
05111989
05121980
05121981
05121982
05121983
05121984
05121985
05121986
05121987
05121988
05121989
05131980
05131981
05131982
05131983
05131984
05131985
05131986
05131987
05131988
05131989
05141980
05141981
05141982
05141983
05141984
05141985
05141986
05141987
05141988
05141989
05151980
05151981
05151982
05151983
05151984
05151985
05151986
05151987
05151988
05151989
05161980
05161981
05161982
05161983
05161984
05161985
05161986
05161987
05161988
05161989
05171980
05171981
05171982
05171983
05171984
05171985
05171986
05171987
05171988
05171989
05181980
05181981
05181982
05181983
05181984
05181985
05181986
05181987
05181988
05181989
05191980
05191981
05191982
05191983
05191984
05191985
05191986
05191987
05191988
05191989
06101980
06101981
06101982
06101983
06101984
06101985
06101986
06101987
06101988
06101989
06111980
06111981
06111982
06111983
06111984
06111985
06111986
06111987
06111988
06111989
06121980
06121981
06121982
06121983
06121984
06121985
06121986
06121987
06121988
06121989
06131980
06131981
06131982
06131983
06131984
06131985
06131986
06131987
06131988
06131989
06141980
06141981
06141982
06141983
06141984
06141985
06141986
06141987
06141988
06141989
06151980
06151981
06151982
06151983
06151984
06151985
06151986
06151987
06151988
06151989
06161980
06161981
06161982
06161983
06161984
06161985
06161986
06161987
06161988
06161989
06171980
06171981
06171982
06171983
06171984
06171985
06171986
06171987
06171988
06171989
06181980
06181981
06181982
06181983
06181984
06181985
06181986
06181987
06181988
06181989
06191980
06191981
06191982
06191983
06191984
06191985
06191986
06191987
06191988
06191989
07101980
07101981
07101982
07101983
07101984
07101985
07101986
07101987
07101988
07101989
07111980
07111981
07111982
07111983
07111984
07111985
07111986
07111987
07111988
07111989
07121980
07121981
07121982
07121983
07121984
07121985
07121986
07121987
07121988
07121989
07131980
07131981
07131982
07131983
07131984
07131985
07131986
07131987
07131988
07131989
07141980
07141981
07141982
07141983
07141984
07141985
07141986
07141987
07141988
07141989
07151980
07151981
07151982
07151983
07151984
07151985
07151986
07151987
07151988
07151989
07161980
07161981
07161982
07161983
07161984
07161985
07161986
07161987
07161988
07161989
07171980
07171981
07171982
07171983
07171984
07171985
07171986
07171987
07171988
07171989
07181980
07181981
07181982
07181983
07181984
07181985
07181986
07181987
07181988
07181989
07191980
07191981
07191982
07191983
07191984
07191985
07191986
07191987
07191988
07191989
08101980
08101981
08101982
08101983
08101984
08101985
08101986
08101987
08101988
08101989
08111980
08111981
08111982
08111983
08111984
08111985
08111986
08111987
08111988
08111989
08121980
08121981
08121982
08121983
08121984
08121985
08121986
08121987
08121988
08121989
08131980
08131981
08131982
08131983
08131984
08131985
08131986
08131987
08131988
08131989
08141980
08141981
08141982
08141983
08141984
08141985
08141986
08141987
08141988
08141989
08151980
08151981
08151982
08151983
08151984
08151985
08151986
08151987
08151988
08151989
08161980
08161981
08161982
08161983
08161984
08161985
08161986
08161987
08161988
08161989
08171980
08171981
08171982
08171983
08171984
08171985
08171986
08171987
08171988
08171989
08181980
08181981
08181982
08181983
08181984
08181985
08181986
08181987
08181988
08181989
08191980
08191981
08191982
08191983
08191984
08191985
08191986
08191987
08191988
08191989
09101980
09101981
09101982
09101983
09101984
09101985
09101986
09101987
09101988
09101989
09111980
09111981
09111982
09111983
09111984
09111985
09111986
09111987
09111988
09111989
09121980
09121981
09121982
09121983
09121984
09121985
09121986
09121987
09121988
09121989
09131980
09131981
09131982
09131983
09131984
09131985
09131986
09131987
09131988
09131989
09141980
09141981
09141982
09141983
09141984
09141985
09141986
09141987
09141988
09141989
09151980
09151981
09151982
09151983
09151984
09151985
09151986
09151987
09151988
09151989
09161980
09161981
09161982
09161983
09161984
09161985
09161986
09161987
09161988
09161989
09171980
09171981
09171982
09171983
09171984
09171985
09171986
09171987
09171988
09171989
09181980
09181981
09181982
09181983
09181984
09181985
09181986
09181987
09181988
09181989
09191980
09191981
09191982
09191983
09191984
09191985
09191986
09191987
09191988
09191989
