00102000
00102001
00102002
00102003
00102004
00102005
00102006
00102007
00102008
00102009
00112000
00112001
00112002
00112003
00112004
00112005
00112006
00112007
00112008
00112009
00122000
00122001
00122002
00122003
00122004
00122005
00122006
00122007
00122008
00122009
00132000
00132001
00132002
00132003
00132004
00132005
00132006
00132007
00132008
00132009
00142000
00142001
00142002
00142003
00142004
00142005
00142006
00142007
00142008
00142009
00152000
00152001
00152002
00152003
00152004
00152005
00152006
00152007
00152008
00152009
00162000
00162001
00162002
00162003
00162004
00162005
00162006
00162007
00162008
00162009
00172000
00172001
00172002
00172003
00172004
00172005
00172006
00172007
00172008
00172009
00182000
00182001
00182002
00182003
00182004
00182005
00182006
00182007
00182008
00182009
00192000
00192001
00192002
00192003
00192004
00192005
00192006
00192007
00192008
00192009
01102000
01102001
01102002
01102003
01102004
01102005
01102006
01102007
01102008
01102009
01112000
01112001
01112002
01112003
01112004
01112005
01112006
01112007
01112008
01112009
01122000
01122001
01122002
01122003
01122004
01122005
01122006
01122007
01122008
01122009
01132000
01132001
01132002
01132003
01132004
01132005
01132006
01132007
01132008
01132009
01142000
01142001
01142002
01142003
01142004
01142005
01142006
01142007
01142008
01142009
01152000
01152001
01152002
01152003
01152004
01152005
01152006
01152007
01152008
01152009
01162000
01162001
01162002
01162003
01162004
01162005
01162006
01162007
01162008
01162009
01172000
01172001
01172002
01172003
01172004
01172005
01172006
01172007
01172008
01172009
01182000
01182001
01182002
01182003
01182004
01182005
01182006
01182007
01182008
01182009
01192000
01192001
01192002
01192003
01192004
01192005
01192006
01192007
01192008
01192009
02102000
02102001
02102002
02102003
02102004
02102005
02102006
02102007
02102008
02102009
02112000
02112001
02112002
02112003
02112004
02112005
02112006
02112007
02112008
02112009
02122000
02122001
02122002
02122003
02122004
02122005
02122006
02122007
02122008
02122009
02132000
02132001
02132002
02132003
02132004
02132005
02132006
02132007
02132008
02132009
02142000
02142001
02142002
02142003
02142004
02142005
02142006
02142007
02142008
02142009
02152000
02152001
02152002
02152003
02152004
02152005
02152006
02152007
02152008
02152009
02162000
02162001
02162002
02162003
02162004
02162005
02162006
02162007
02162008
02162009
02172000
02172001
02172002
02172003
02172004
02172005
02172006
02172007
02172008
02172009
02182000
02182001
02182002
02182003
02182004
02182005
02182006
02182007
02182008
02182009
02192000
02192001
02192002
02192003
02192004
02192005
02192006
02192007
02192008
02192009
03102000
03102001
03102002
03102003
03102004
03102005
03102006
03102007
03102008
03102009
03112000
03112001
03112002
03112003
03112004
03112005
03112006
03112007
03112008
03112009
03122000
03122001
03122002
03122003
03122004
03122005
03122006
03122007
03122008
03122009
03132000
03132001
03132002
03132003
03132004
03132005
03132006
03132007
03132008
03132009
03142000
03142001
03142002
03142003
03142004
03142005
03142006
03142007
03142008
03142009
03152000
03152001
03152002
03152003
03152004
03152005
03152006
03152007
03152008
03152009
03162000
03162001
03162002
03162003
03162004
03162005
03162006
03162007
03162008
03162009
03172000
03172001
03172002
03172003
03172004
03172005
03172006
03172007
03172008
03172009
03182000
03182001
03182002
03182003
03182004
03182005
03182006
03182007
03182008
03182009
03192000
03192001
03192002
03192003
03192004
03192005
03192006
03192007
03192008
03192009
04102000
04102001
04102002
04102003
04102004
04102005
04102006
04102007
04102008
04102009
04112000
04112001
04112002
04112003
04112004
04112005
04112006
04112007
04112008
04112009
04122000
04122001
04122002
04122003
04122004
04122005
04122006
04122007
04122008
04122009
04132000
04132001
04132002
04132003
04132004
04132005
04132006
04132007
04132008
04132009
04142000
04142001
04142002
04142003
04142004
04142005
04142006
04142007
04142008
04142009
04152000
04152001
04152002
04152003
04152004
04152005
04152006
04152007
04152008
04152009
04162000
04162001
04162002
04162003
04162004
04162005
04162006
04162007
04162008
04162009
04172000
04172001
04172002
04172003
04172004
04172005
04172006
04172007
04172008
04172009
04182000
04182001
04182002
04182003
04182004
04182005
04182006
04182007
04182008
04182009
04192000
04192001
04192002
04192003
04192004
04192005
04192006
04192007
04192008
04192009
05102000
05102001
05102002
05102003
05102004
05102005
05102006
05102007
05102008
05102009
05112000
05112001
05112002
05112003
05112004
05112005
05112006
05112007
05112008
05112009
05122000
05122001
05122002
05122003
05122004
05122005
05122006
05122007
05122008
05122009
05132000
05132001
05132002
05132003
05132004
05132005
05132006
05132007
05132008
05132009
05142000
05142001
05142002
05142003
05142004
05142005
05142006
05142007
05142008
05142009
05152000
05152001
05152002
05152003
05152004
05152005
05152006
05152007
05152008
05152009
05162000
05162001
05162002
05162003
05162004
05162005
05162006
05162007
05162008
05162009
05172000
05172001
05172002
05172003
05172004
05172005
05172006
05172007
05172008
05172009
05182000
05182001
05182002
05182003
05182004
05182005
05182006
05182007
05182008
05182009
05192000
05192001
05192002
05192003
05192004
05192005
05192006
05192007
05192008
05192009
06102000
06102001
06102002
06102003
06102004
06102005
06102006
06102007
06102008
06102009
06112000
06112001
06112002
06112003
06112004
06112005
06112006
06112007
06112008
06112009
06122000
06122001
06122002
06122003
06122004
06122005
06122006
06122007
06122008
06122009
06132000
06132001
06132002
06132003
06132004
06132005
06132006
06132007
06132008
06132009
06142000
06142001
06142002
06142003
06142004
06142005
06142006
06142007
06142008
06142009
06152000
06152001
06152002
06152003
06152004
06152005
06152006
06152007
06152008
06152009
06162000
06162001
06162002
06162003
06162004
06162005
06162006
06162007
06162008
06162009
06172000
06172001
06172002
06172003
06172004
06172005
06172006
06172007
06172008
06172009
06182000
06182001
06182002
06182003
06182004
06182005
06182006
06182007
06182008
06182009
06192000
06192001
06192002
06192003
06192004
06192005
06192006
06192007
06192008
06192009
07102000
07102001
07102002
07102003
07102004
07102005
07102006
07102007
07102008
07102009
07112000
07112001
07112002
07112003
07112004
07112005
07112006
07112007
07112008
07112009
07122000
07122001
07122002
07122003
07122004
07122005
07122006
07122007
07122008
07122009
07132000
07132001
07132002
07132003
07132004
07132005
07132006
07132007
07132008
07132009
07142000
07142001
07142002
07142003
07142004
07142005
07142006
07142007
07142008
07142009
07152000
07152001
07152002
07152003
07152004
07152005
07152006
07152007
07152008
07152009
07162000
07162001
07162002
07162003
07162004
07162005
07162006
07162007
07162008
07162009
07172000
07172001
07172002
07172003
07172004
07172005
07172006
07172007
07172008
07172009
07182000
07182001
07182002
07182003
07182004
07182005
07182006
07182007
07182008
07182009
07192000
07192001
07192002
07192003
07192004
07192005
07192006
07192007
07192008
07192009
08102000
08102001
08102002
08102003
08102004
08102005
08102006
08102007
08102008
08102009
08112000
08112001
08112002
08112003
08112004
08112005
08112006
08112007
08112008
08112009
08122000
08122001
08122002
08122003
08122004
08122005
08122006
08122007
08122008
08122009
08132000
08132001
08132002
08132003
08132004
08132005
08132006
08132007
08132008
08132009
08142000
08142001
08142002
08142003
08142004
08142005
08142006
08142007
08142008
08142009
08152000
08152001
08152002
08152003
08152004
08152005
08152006
08152007
08152008
08152009
08162000
08162001
08162002
08162003
08162004
08162005
08162006
08162007
08162008
08162009
08172000
08172001
08172002
08172003
08172004
08172005
08172006
08172007
08172008
08172009
08182000
08182001
08182002
08182003
08182004
08182005
08182006
08182007
08182008
08182009
08192000
08192001
08192002
08192003
08192004
08192005
08192006
08192007
08192008
08192009
09102000
09102001
09102002
09102003
09102004
09102005
09102006
09102007
09102008
09102009
09112000
09112001
09112002
09112003
09112004
09112005
09112006
09112007
09112008
09112009
09122000
09122001
09122002
09122003
09122004
09122005
09122006
09122007
09122008
09122009
09132000
09132001
09132002
09132003
09132004
09132005
09132006
09132007
09132008
09132009
09142000
09142001
09142002
09142003
09142004
09142005
09142006
09142007
09142008
09142009
09152000
09152001
09152002
09152003
09152004
09152005
09152006
09152007
09152008
09152009
09162000
09162001
09162002
09162003
09162004
09162005
09162006
09162007
09162008
09162009
09172000
09172001
09172002
09172003
09172004
09172005
09172006
09172007
09172008
09172009
09182000
09182001
09182002
09182003
09182004
09182005
09182006
09182007
09182008
09182009
09192000
09192001
09192002
09192003
09192004
09192005
09192006
09192007
09192008
09192009
