00101990
00101991
00101992
00101993
00101994
00101995
00101996
00101997
00101998
00101999
00111990
00111991
00111992
00111993
00111994
00111995
00111996
00111997
00111998
00111999
00121990
00121991
00121992
00121993
00121994
00121995
00121996
00121997
00121998
00121999
00131990
00131991
00131992
00131993
00131994
00131995
00131996
00131997
00131998
00131999
00141990
00141991
00141992
00141993
00141994
00141995
00141996
00141997
00141998
00141999
00151990
00151991
00151992
00151993
00151994
00151995
00151996
00151997
00151998
00151999
00161990
00161991
00161992
00161993
00161994
00161995
00161996
00161997
00161998
00161999
00171990
00171991
00171992
00171993
00171994
00171995
00171996
00171997
00171998
00171999
00181990
00181991
00181992
00181993
00181994
00181995
00181996
00181997
00181998
00181999
00191990
00191991
00191992
00191993
00191994
00191995
00191996
00191997
00191998
00191999
01101990
01101991
01101992
01101993
01101994
01101995
01101996
01101997
01101998
01101999
01111990
01111991
01111992
01111993
01111994
01111995
01111996
01111997
01111998
01111999
01121990
01121991
01121992
01121993
01121994
01121995
01121996
01121997
01121998
01121999
01131990
01131991
01131992
01131993
01131994
01131995
01131996
01131997
01131998
01131999
01141990
01141991
01141992
01141993
01141994
01141995
01141996
01141997
01141998
01141999
01151990
01151991
01151992
01151993
01151994
01151995
01151996
01151997
01151998
01151999
01161990
01161991
01161992
01161993
01161994
01161995
01161996
01161997
01161998
01161999
01171990
01171991
01171992
01171993
01171994
01171995
01171996
01171997
01171998
01171999
01181990
01181991
01181992
01181993
01181994
01181995
01181996
01181997
01181998
01181999
01191990
01191991
01191992
01191993
01191994
01191995
01191996
01191997
01191998
01191999
02101990
02101991
02101992
02101993
02101994
02101995
02101996
02101997
02101998
02101999
02111990
02111991
02111992
02111993
02111994
02111995
02111996
02111997
02111998
02111999
02121990
02121991
02121992
02121993
02121994
02121995
02121996
02121997
02121998
02121999
02131990
02131991
02131992
02131993
02131994
02131995
02131996
02131997
02131998
02131999
02141990
02141991
02141992
02141993
02141994
02141995
02141996
02141997
02141998
02141999
02151990
02151991
02151992
02151993
02151994
02151995
02151996
02151997
02151998
02151999
02161990
02161991
02161992
02161993
02161994
02161995
02161996
02161997
02161998
02161999
02171990
02171991
02171992
02171993
02171994
02171995
02171996
02171997
02171998
02171999
02181990
02181991
02181992
02181993
02181994
02181995
02181996
02181997
02181998
02181999
02191990
02191991
02191992
02191993
02191994
02191995
02191996
02191997
02191998
02191999
03101990
03101991
03101992
03101993
03101994
03101995
03101996
03101997
03101998
03101999
03111990
03111991
03111992
03111993
03111994
03111995
03111996
03111997
03111998
03111999
03121990
03121991
03121992
03121993
03121994
03121995
03121996
03121997
03121998
03121999
03131990
03131991
03131992
03131993
03131994
03131995
03131996
03131997
03131998
03131999
03141990
03141991
03141992
03141993
03141994
03141995
03141996
03141997
03141998
03141999
03151990
03151991
03151992
03151993
03151994
03151995
03151996
03151997
03151998
03151999
03161990
03161991
03161992
03161993
03161994
03161995
03161996
03161997
03161998
03161999
03171990
03171991
03171992
03171993
03171994
03171995
03171996
03171997
03171998
03171999
03181990
03181991
03181992
03181993
03181994
03181995
03181996
03181997
03181998
03181999
03191990
03191991
03191992
03191993
03191994
03191995
03191996
03191997
03191998
03191999
04101990
04101991
04101992
04101993
04101994
04101995
04101996
04101997
04101998
04101999
04111990
04111991
04111992
04111993
04111994
04111995
04111996
04111997
04111998
04111999
04121990
04121991
04121992
04121993
04121994
04121995
04121996
04121997
04121998
04121999
04131990
04131991
04131992
04131993
04131994
04131995
04131996
04131997
04131998
04131999
04141990
04141991
04141992
04141993
04141994
04141995
04141996
04141997
04141998
04141999
04151990
04151991
04151992
04151993
04151994
04151995
04151996
04151997
04151998
04151999
04161990
04161991
04161992
04161993
04161994
04161995
04161996
04161997
04161998
04161999
04171990
04171991
04171992
04171993
04171994
04171995
04171996
04171997
04171998
04171999
04181990
04181991
04181992
04181993
04181994
04181995
04181996
04181997
04181998
04181999
04191990
04191991
04191992
04191993
04191994
04191995
04191996
04191997
04191998
04191999
05101990
05101991
05101992
05101993
05101994
05101995
05101996
05101997
05101998
05101999
05111990
05111991
05111992
05111993
05111994
05111995
05111996
05111997
05111998
05111999
05121990
05121991
05121992
05121993
05121994
05121995
05121996
05121997
05121998
05121999
05131990
05131991
05131992
05131993
05131994
05131995
05131996
05131997
05131998
05131999
05141990
05141991
05141992
05141993
05141994
05141995
05141996
05141997
05141998
05141999
05151990
05151991
05151992
05151993
05151994
05151995
05151996
05151997
05151998
05151999
05161990
05161991
05161992
05161993
05161994
05161995
05161996
05161997
05161998
05161999
05171990
05171991
05171992
05171993
05171994
05171995
05171996
05171997
05171998
05171999
05181990
05181991
05181992
05181993
05181994
05181995
05181996
05181997
05181998
05181999
05191990
05191991
05191992
05191993
05191994
05191995
05191996
05191997
05191998
05191999
06101990
06101991
06101992
06101993
06101994
06101995
06101996
06101997
06101998
06101999
06111990
06111991
06111992
06111993
06111994
06111995
06111996
06111997
06111998
06111999
06121990
06121991
06121992
06121993
06121994
06121995
06121996
06121997
06121998
06121999
06131990
06131991
06131992
06131993
06131994
06131995
06131996
06131997
06131998
06131999
06141990
06141991
06141992
06141993
06141994
06141995
06141996
06141997
06141998
06141999
06151990
06151991
06151992
06151993
06151994
06151995
06151996
06151997
06151998
06151999
06161990
06161991
06161992
06161993
06161994
06161995
06161996
06161997
06161998
06161999
06171990
06171991
06171992
06171993
06171994
06171995
06171996
06171997
06171998
06171999
06181990
06181991
06181992
06181993
06181994
06181995
06181996
06181997
06181998
06181999
06191990
06191991
06191992
06191993
06191994
06191995
06191996
06191997
06191998
06191999
07101990
07101991
07101992
07101993
07101994
07101995
07101996
07101997
07101998
07101999
07111990
07111991
07111992
07111993
07111994
07111995
07111996
07111997
07111998
07111999
07121990
07121991
07121992
07121993
07121994
07121995
07121996
07121997
07121998
07121999
07131990
07131991
07131992
07131993
07131994
07131995
07131996
07131997
07131998
07131999
07141990
07141991
07141992
07141993
07141994
07141995
07141996
07141997
07141998
07141999
07151990
07151991
07151992
07151993
07151994
07151995
07151996
07151997
07151998
07151999
07161990
07161991
07161992
07161993
07161994
07161995
07161996
07161997
07161998
07161999
07171990
07171991
07171992
07171993
07171994
07171995
07171996
07171997
07171998
07171999
07181990
07181991
07181992
07181993
07181994
07181995
07181996
07181997
07181998
07181999
07191990
07191991
07191992
07191993
07191994
07191995
07191996
07191997
07191998
07191999
08101990
08101991
08101992
08101993
08101994
08101995
08101996
08101997
08101998
08101999
08111990
08111991
08111992
08111993
08111994
08111995
08111996
08111997
08111998
08111999
08121990
08121991
08121992
08121993
08121994
08121995
08121996
08121997
08121998
08121999
08131990
08131991
08131992
08131993
08131994
08131995
08131996
08131997
08131998
08131999
08141990
08141991
08141992
08141993
08141994
08141995
08141996
08141997
08141998
08141999
08151990
08151991
08151992
08151993
08151994
08151995
08151996
08151997
08151998
08151999
08161990
08161991
08161992
08161993
08161994
08161995
08161996
08161997
08161998
08161999
08171990
08171991
08171992
08171993
08171994
08171995
08171996
08171997
08171998
08171999
08181990
08181991
08181992
08181993
08181994
08181995
08181996
08181997
08181998
08181999
08191990
08191991
08191992
08191993
08191994
08191995
08191996
08191997
08191998
08191999
09101990
09101991
09101992
09101993
09101994
09101995
09101996
09101997
09101998
09101999
09111990
09111991
09111992
09111993
09111994
09111995
09111996
09111997
09111998
09111999
09121990
09121991
09121992
09121993
09121994
09121995
09121996
09121997
09121998
09121999
09131990
09131991
09131992
09131993
09131994
09131995
09131996
09131997
09131998
09131999
09141990
09141991
09141992
09141993
09141994
09141995
09141996
09141997
09141998
09141999
09151990
09151991
09151992
09151993
09151994
09151995
09151996
09151997
09151998
09151999
09161990
09161991
09161992
09161993
09161994
09161995
09161996
09161997
09161998
09161999
09171990
09171991
09171992
09171993
09171994
09171995
09171996
09171997
09171998
09171999
09181990
09181991
09181992
09181993
09181994
09181995
09181996
09181997
09181998
09181999
09191990
09191991
09191992
09191993
09191994
09191995
09191996
09191997
09191998
09191999
