10001980
10001981
10001982
10001983
10001984
10001985
10001986
10001987
10001988
10001989
10011980
10011981
10011982
10011983
10011984
10011985
10011986
10011987
10011988
10011989
10021980
10021981
10021982
10021983
10021984
10021985
10021986
10021987
10021988
10021989
10031980
10031981
10031982
10031983
10031984
10031985
10031986
10031987
10031988
10031989
10041980
10041981
10041982
10041983
10041984
10041985
10041986
10041987
10041988
10041989
10051980
10051981
10051982
10051983
10051984
10051985
10051986
10051987
10051988
10051989
10061980
10061981
10061982
10061983
10061984
10061985
10061986
10061987
10061988
10061989
10071980
10071981
10071982
10071983
10071984
10071985
10071986
10071987
10071988
10071989
10081980
10081981
10081982
10081983
10081984
10081985
10081986
10081987
10081988
10081989
10091980
10091981
10091982
10091983
10091984
10091985
10091986
10091987
10091988
10091989
11001980
11001981
11001982
11001983
11001984
11001985
11001986
11001987
11001988
11001989
11011980
11011981
11011982
11011983
11011984
11011985
11011986
11011987
11011988
11011989
11021980
11021981
11021982
11021983
11021984
11021985
11021986
11021987
11021988
11021989
11031980
11031981
11031982
11031983
11031984
11031985
11031986
11031987
11031988
11031989
11041980
11041981
11041982
11041983
11041984
11041985
11041986
11041987
11041988
11041989
11051980
11051981
11051982
11051983
11051984
11051985
11051986
11051987
11051988
11051989
11061980
11061981
11061982
11061983
11061984
11061985
11061986
11061987
11061988
11061989
11071980
11071981
11071982
11071983
11071984
11071985
11071986
11071987
11071988
11071989
11081980
11081981
11081982
11081983
11081984
11081985
11081986
11081987
11081988
11081989
11091980
11091981
11091982
11091983
11091984
11091985
11091986
11091987
11091988
11091989
12001980
12001981
12001982
12001983
12001984
12001985
12001986
12001987
12001988
12001989
12011980
12011981
12011982
12011983
12011984
12011985
12011986
12011987
12011988
12011989
12021980
12021981
12021982
12021983
12021984
12021985
12021986
12021987
12021988
12021989
12031980
12031981
12031982
12031983
12031984
12031985
12031986
12031987
12031988
12031989
12041980
12041981
12041982
12041983
12041984
12041985
12041986
12041987
12041988
12041989
12051980
12051981
12051982
12051983
12051984
12051985
12051986
12051987
12051988
12051989
12061980
12061981
12061982
12061983
12061984
12061985
12061986
12061987
12061988
12061989
12071980
12071981
12071982
12071983
12071984
12071985
12071986
12071987
12071988
12071989
12081980
12081981
12081982
12081983
12081984
12081985
12081986
12081987
12081988
12081989
12091980
12091981
12091982
12091983
12091984
12091985
12091986
12091987
12091988
12091989
13001980
13001981
13001982
13001983
13001984
13001985
13001986
13001987
13001988
13001989
13011980
13011981
13011982
13011983
13011984
13011985
13011986
13011987
13011988
13011989
13021980
13021981
13021982
13021983
13021984
13021985
13021986
13021987
13021988
13021989
13031980
13031981
13031982
13031983
13031984
13031985
13031986
13031987
13031988
13031989
13041980
13041981
13041982
13041983
13041984
13041985
13041986
13041987
13041988
13041989
13051980
13051981
13051982
13051983
13051984
13051985
13051986
13051987
13051988
13051989
13061980
13061981
13061982
13061983
13061984
13061985
13061986
13061987
13061988
13061989
13071980
13071981
13071982
13071983
13071984
13071985
13071986
13071987
13071988
13071989
13081980
13081981
13081982
13081983
13081984
13081985
13081986
13081987
13081988
13081989
13091980
13091981
13091982
13091983
13091984
13091985
13091986
13091987
13091988
13091989
14001980
14001981
14001982
14001983
14001984
14001985
14001986
14001987
14001988
14001989
14011980
14011981
14011982
14011983
14011984
14011985
14011986
14011987
14011988
14011989
14021980
14021981
14021982
14021983
14021984
14021985
14021986
14021987
14021988
14021989
14031980
14031981
14031982
14031983
14031984
14031985
14031986
14031987
14031988
14031989
14041980
14041981
14041982
14041983
14041984
14041985
14041986
14041987
14041988
14041989
14051980
14051981
14051982
14051983
14051984
14051985
14051986
14051987
14051988
14051989
14061980
14061981
14061982
14061983
14061984
14061985
14061986
14061987
14061988
14061989
14071980
14071981
14071982
14071983
14071984
14071985
14071986
14071987
14071988
14071989
14081980
14081981
14081982
14081983
14081984
14081985
14081986
14081987
14081988
14081989
14091980
14091981
14091982
14091983
14091984
14091985
14091986
14091987
14091988
14091989
15001980
15001981
15001982
15001983
15001984
15001985
15001986
15001987
15001988
15001989
15011980
15011981
15011982
15011983
15011984
15011985
15011986
15011987
15011988
15011989
15021980
15021981
15021982
15021983
15021984
15021985
15021986
15021987
15021988
15021989
15031980
15031981
15031982
15031983
15031984
15031985
15031986
15031987
15031988
15031989
15041980
15041981
15041982
15041983
15041984
15041985
15041986
15041987
15041988
15041989
15051980
15051981
15051982
15051983
15051984
15051985
15051986
15051987
15051988
15051989
15061980
15061981
15061982
15061983
15061984
15061985
15061986
15061987
15061988
15061989
15071980
15071981
15071982
15071983
15071984
15071985
15071986
15071987
15071988
15071989
15081980
15081981
15081982
15081983
15081984
15081985
15081986
15081987
15081988
15081989
15091980
15091981
15091982
15091983
15091984
15091985
15091986
15091987
15091988
15091989
16001980
16001981
16001982
16001983
16001984
16001985
16001986
16001987
16001988
16001989
16011980
16011981
16011982
16011983
16011984
16011985
16011986
16011987
16011988
16011989
16021980
16021981
16021982
16021983
16021984
16021985
16021986
16021987
16021988
16021989
16031980
16031981
16031982
16031983
16031984
16031985
16031986
16031987
16031988
16031989
16041980
16041981
16041982
16041983
16041984
16041985
16041986
16041987
16041988
16041989
16051980
16051981
16051982
16051983
16051984
16051985
16051986
16051987
16051988
16051989
16061980
16061981
16061982
16061983
16061984
16061985
16061986
16061987
16061988
16061989
16071980
16071981
16071982
16071983
16071984
16071985
16071986
16071987
16071988
16071989
16081980
16081981
16081982
16081983
16081984
16081985
16081986
16081987
16081988
16081989
16091980
16091981
16091982
16091983
16091984
16091985
16091986
16091987
16091988
16091989
17001980
17001981
17001982
17001983
17001984
17001985
17001986
17001987
17001988
17001989
17011980
17011981
17011982
17011983
17011984
17011985
17011986
17011987
17011988
17011989
17021980
17021981
17021982
17021983
17021984
17021985
17021986
17021987
17021988
17021989
17031980
17031981
17031982
17031983
17031984
17031985
17031986
17031987
17031988
17031989
17041980
17041981
17041982
17041983
17041984
17041985
17041986
17041987
17041988
17041989
17051980
17051981
17051982
17051983
17051984
17051985
17051986
17051987
17051988
17051989
17061980
17061981
17061982
17061983
17061984
17061985
17061986
17061987
17061988
17061989
17071980
17071981
17071982
17071983
17071984
17071985
17071986
17071987
17071988
17071989
17081980
17081981
17081982
17081983
17081984
17081985
17081986
17081987
17081988
17081989
17091980
17091981
17091982
17091983
17091984
17091985
17091986
17091987
17091988
17091989
18001980
18001981
18001982
18001983
18001984
18001985
18001986
18001987
18001988
18001989
18011980
18011981
18011982
18011983
18011984
18011985
18011986
18011987
18011988
18011989
18021980
18021981
18021982
18021983
18021984
18021985
18021986
18021987
18021988
18021989
18031980
18031981
18031982
18031983
18031984
18031985
18031986
18031987
18031988
18031989
18041980
18041981
18041982
18041983
18041984
18041985
18041986
18041987
18041988
18041989
18051980
18051981
18051982
18051983
18051984
18051985
18051986
18051987
18051988
18051989
18061980
18061981
18061982
18061983
18061984
18061985
18061986
18061987
18061988
18061989
18071980
18071981
18071982
18071983
18071984
18071985
18071986
18071987
18071988
18071989
18081980
18081981
18081982
18081983
18081984
18081985
18081986
18081987
18081988
18081989
18091980
18091981
18091982
18091983
18091984
18091985
18091986
18091987
18091988
18091989
19001980
19001981
19001982
19001983
19001984
19001985
19001986
19001987
19001988
19001989
19011980
19011981
19011982
19011983
19011984
19011985
19011986
19011987
19011988
19011989
19021980
19021981
19021982
19021983
19021984
19021985
19021986
19021987
19021988
19021989
19031980
19031981
19031982
19031983
19031984
19031985
19031986
19031987
19031988
19031989
19041980
19041981
19041982
19041983
19041984
19041985
19041986
19041987
19041988
19041989
19051980
19051981
19051982
19051983
19051984
19051985
19051986
19051987
19051988
19051989
19061980
19061981
19061982
19061983
19061984
19061985
19061986
19061987
19061988
19061989
19071980
19071981
19071982
19071983
19071984
19071985
19071986
19071987
19071988
19071989
19081980
19081981
19081982
19081983
19081984
19081985
19081986
19081987
19081988
19081989
19091980
19091981
19091982
19091983
19091984
19091985
19091986
19091987
19091988
19091989
