10002010
10002011
10002012
10002013
10002014
10002015
10002016
10002017
10002018
10002019
10012010
10012011
10012012
10012013
10012014
10012015
10012016
10012017
10012018
10012019
10022010
10022011
10022012
10022013
10022014
10022015
10022016
10022017
10022018
10022019
10032010
10032011
10032012
10032013
10032014
10032015
10032016
10032017
10032018
10032019
10042010
10042011
10042012
10042013
10042014
10042015
10042016
10042017
10042018
10042019
10052010
10052011
10052012
10052013
10052014
10052015
10052016
10052017
10052018
10052019
10062010
10062011
10062012
10062013
10062014
10062015
10062016
10062017
10062018
10062019
10072010
10072011
10072012
10072013
10072014
10072015
10072016
10072017
10072018
10072019
10082010
10082011
10082012
10082013
10082014
10082015
10082016
10082017
10082018
10082019
10092010
10092011
10092012
10092013
10092014
10092015
10092016
10092017
10092018
10092019
11002010
11002011
11002012
11002013
11002014
11002015
11002016
11002017
11002018
11002019
11012010
11012011
11012012
11012013
11012014
11012015
11012016
11012017
11012018
11012019
11022010
11022011
11022012
11022013
11022014
11022015
11022016
11022017
11022018
11022019
11032010
11032011
11032012
11032013
11032014
11032015
11032016
11032017
11032018
11032019
11042010
11042011
11042012
11042013
11042014
11042015
11042016
11042017
11042018
11042019
11052010
11052011
11052012
11052013
11052014
11052015
11052016
11052017
11052018
11052019
11062010
11062011
11062012
11062013
11062014
11062015
11062016
11062017
11062018
11062019
11072010
11072011
11072012
11072013
11072014
11072015
11072016
11072017
11072018
11072019
11082010
11082011
11082012
11082013
11082014
11082015
11082016
11082017
11082018
11082019
11092010
11092011
11092012
11092013
11092014
11092015
11092016
11092017
11092018
11092019
12002010
12002011
12002012
12002013
12002014
12002015
12002016
12002017
12002018
12002019
12012010
12012011
12012012
12012013
12012014
12012015
12012016
12012017
12012018
12012019
12022010
12022011
12022012
12022013
12022014
12022015
12022016
12022017
12022018
12022019
12032010
12032011
12032012
12032013
12032014
12032015
12032016
12032017
12032018
12032019
12042010
12042011
12042012
12042013
12042014
12042015
12042016
12042017
12042018
12042019
12052010
12052011
12052012
12052013
12052014
12052015
12052016
12052017
12052018
12052019
12062010
12062011
12062012
12062013
12062014
12062015
12062016
12062017
12062018
12062019
12072010
12072011
12072012
12072013
12072014
12072015
12072016
12072017
12072018
12072019
12082010
12082011
12082012
12082013
12082014
12082015
12082016
12082017
12082018
12082019
12092010
12092011
12092012
12092013
12092014
12092015
12092016
12092017
12092018
12092019
13002010
13002011
13002012
13002013
13002014
13002015
13002016
13002017
13002018
13002019
13012010
13012011
13012012
13012013
13012014
13012015
13012016
13012017
13012018
13012019
13022010
13022011
13022012
13022013
13022014
13022015
13022016
13022017
13022018
13022019
13032010
13032011
13032012
13032013
13032014
13032015
13032016
13032017
13032018
13032019
13042010
13042011
13042012
13042013
13042014
13042015
13042016
13042017
13042018
13042019
13052010
13052011
13052012
13052013
13052014
13052015
13052016
13052017
13052018
13052019
13062010
13062011
13062012
13062013
13062014
13062015
13062016
13062017
13062018
13062019
13072010
13072011
13072012
13072013
13072014
13072015
13072016
13072017
13072018
13072019
13082010
13082011
13082012
13082013
13082014
13082015
13082016
13082017
13082018
13082019
13092010
13092011
13092012
13092013
13092014
13092015
13092016
13092017
13092018
13092019
14002010
14002011
14002012
14002013
14002014
14002015
14002016
14002017
14002018
14002019
14012010
14012011
14012012
14012013
14012014
14012015
14012016
14012017
14012018
14012019
14022010
14022011
14022012
14022013
14022014
14022015
14022016
14022017
14022018
14022019
14032010
14032011
14032012
14032013
14032014
14032015
14032016
14032017
14032018
14032019
14042010
14042011
14042012
14042013
14042014
14042015
14042016
14042017
14042018
14042019
14052010
14052011
14052012
14052013
14052014
14052015
14052016
14052017
14052018
14052019
14062010
14062011
14062012
14062013
14062014
14062015
14062016
14062017
14062018
14062019
14072010
14072011
14072012
14072013
14072014
14072015
14072016
14072017
14072018
14072019
14082010
14082011
14082012
14082013
14082014
14082015
14082016
14082017
14082018
14082019
14092010
14092011
14092012
14092013
14092014
14092015
14092016
14092017
14092018
14092019
15002010
15002011
15002012
15002013
15002014
15002015
15002016
15002017
15002018
15002019
15012010
15012011
15012012
15012013
15012014
15012015
15012016
15012017
15012018
15012019
15022010
15022011
15022012
15022013
15022014
15022015
15022016
15022017
15022018
15022019
15032010
15032011
15032012
15032013
15032014
15032015
15032016
15032017
15032018
15032019
15042010
15042011
15042012
15042013
15042014
15042015
15042016
15042017
15042018
15042019
15052010
15052011
15052012
15052013
15052014
15052015
15052016
15052017
15052018
15052019
15062010
15062011
15062012
15062013
15062014
15062015
15062016
15062017
15062018
15062019
15072010
15072011
15072012
15072013
15072014
15072015
15072016
15072017
15072018
15072019
15082010
15082011
15082012
15082013
15082014
15082015
15082016
15082017
15082018
15082019
15092010
15092011
15092012
15092013
15092014
15092015
15092016
15092017
15092018
15092019
16002010
16002011
16002012
16002013
16002014
16002015
16002016
16002017
16002018
16002019
16012010
16012011
16012012
16012013
16012014
16012015
16012016
16012017
16012018
16012019
16022010
16022011
16022012
16022013
16022014
16022015
16022016
16022017
16022018
16022019
16032010
16032011
16032012
16032013
16032014
16032015
16032016
16032017
16032018
16032019
16042010
16042011
16042012
16042013
16042014
16042015
16042016
16042017
16042018
16042019
16052010
16052011
16052012
16052013
16052014
16052015
16052016
16052017
16052018
16052019
16062010
16062011
16062012
16062013
16062014
16062015
16062016
16062017
16062018
16062019
16072010
16072011
16072012
16072013
16072014
16072015
16072016
16072017
16072018
16072019
16082010
16082011
16082012
16082013
16082014
16082015
16082016
16082017
16082018
16082019
16092010
16092011
16092012
16092013
16092014
16092015
16092016
16092017
16092018
16092019
17002010
17002011
17002012
17002013
17002014
17002015
17002016
17002017
17002018
17002019
17012010
17012011
17012012
17012013
17012014
17012015
17012016
17012017
17012018
17012019
17022010
17022011
17022012
17022013
17022014
17022015
17022016
17022017
17022018
17022019
17032010
17032011
17032012
17032013
17032014
17032015
17032016
17032017
17032018
17032019
17042010
17042011
17042012
17042013
17042014
17042015
17042016
17042017
17042018
17042019
17052010
17052011
17052012
17052013
17052014
17052015
17052016
17052017
17052018
17052019
17062010
17062011
17062012
17062013
17062014
17062015
17062016
17062017
17062018
17062019
17072010
17072011
17072012
17072013
17072014
17072015
17072016
17072017
17072018
17072019
17082010
17082011
17082012
17082013
17082014
17082015
17082016
17082017
17082018
17082019
17092010
17092011
17092012
17092013
17092014
17092015
17092016
17092017
17092018
17092019
18002010
18002011
18002012
18002013
18002014
18002015
18002016
18002017
18002018
18002019
18012010
18012011
18012012
18012013
18012014
18012015
18012016
18012017
18012018
18012019
18022010
18022011
18022012
18022013
18022014
18022015
18022016
18022017
18022018
18022019
18032010
18032011
18032012
18032013
18032014
18032015
18032016
18032017
18032018
18032019
18042010
18042011
18042012
18042013
18042014
18042015
18042016
18042017
18042018
18042019
18052010
18052011
18052012
18052013
18052014
18052015
18052016
18052017
18052018
18052019
18062010
18062011
18062012
18062013
18062014
18062015
18062016
18062017
18062018
18062019
18072010
18072011
18072012
18072013
18072014
18072015
18072016
18072017
18072018
18072019
18082010
18082011
18082012
18082013
18082014
18082015
18082016
18082017
18082018
18082019
18092010
18092011
18092012
18092013
18092014
18092015
18092016
18092017
18092018
18092019
19002010
19002011
19002012
19002013
19002014
19002015
19002016
19002017
19002018
19002019
19012010
19012011
19012012
19012013
19012014
19012015
19012016
19012017
19012018
19012019
19022010
19022011
19022012
19022013
19022014
19022015
19022016
19022017
19022018
19022019
19032010
19032011
19032012
19032013
19032014
19032015
19032016
19032017
19032018
19032019
19042010
19042011
19042012
19042013
19042014
19042015
19042016
19042017
19042018
19042019
19052010
19052011
19052012
19052013
19052014
19052015
19052016
19052017
19052018
19052019
19062010
19062011
19062012
19062013
19062014
19062015
19062016
19062017
19062018
19062019
19072010
19072011
19072012
19072013
19072014
19072015
19072016
19072017
19072018
19072019
19082010
19082011
19082012
19082013
19082014
19082015
19082016
19082017
19082018
19082019
19092010
19092011
19092012
19092013
19092014
19092015
19092016
19092017
19092018
19092019
