10001990
10001991
10001992
10001993
10001994
10001995
10001996
10001997
10001998
10001999
10011990
10011991
10011992
10011993
10011994
10011995
10011996
10011997
10011998
10011999
10021990
10021991
10021992
10021993
10021994
10021995
10021996
10021997
10021998
10021999
10031990
10031991
10031992
10031993
10031994
10031995
10031996
10031997
10031998
10031999
10041990
10041991
10041992
10041993
10041994
10041995
10041996
10041997
10041998
10041999
10051990
10051991
10051992
10051993
10051994
10051995
10051996
10051997
10051998
10051999
10061990
10061991
10061992
10061993
10061994
10061995
10061996
10061997
10061998
10061999
10071990
10071991
10071992
10071993
10071994
10071995
10071996
10071997
10071998
10071999
10081990
10081991
10081992
10081993
10081994
10081995
10081996
10081997
10081998
10081999
10091990
10091991
10091992
10091993
10091994
10091995
10091996
10091997
10091998
10091999
11001990
11001991
11001992
11001993
11001994
11001995
11001996
11001997
11001998
11001999
11011990
11011991
11011992
11011993
11011994
11011995
11011996
11011997
11011998
11011999
11021990
11021991
11021992
11021993
11021994
11021995
11021996
11021997
11021998
11021999
11031990
11031991
11031992
11031993
11031994
11031995
11031996
11031997
11031998
11031999
11041990
11041991
11041992
11041993
11041994
11041995
11041996
11041997
11041998
11041999
11051990
11051991
11051992
11051993
11051994
11051995
11051996
11051997
11051998
11051999
11061990
11061991
11061992
11061993
11061994
11061995
11061996
11061997
11061998
11061999
11071990
11071991
11071992
11071993
11071994
11071995
11071996
11071997
11071998
11071999
11081990
11081991
11081992
11081993
11081994
11081995
11081996
11081997
11081998
11081999
11091990
11091991
11091992
11091993
11091994
11091995
11091996
11091997
11091998
11091999
12001990
12001991
12001992
12001993
12001994
12001995
12001996
12001997
12001998
12001999
12011990
12011991
12011992
12011993
12011994
12011995
12011996
12011997
12011998
12011999
12021990
12021991
12021992
12021993
12021994
12021995
12021996
12021997
12021998
12021999
12031990
12031991
12031992
12031993
12031994
12031995
12031996
12031997
12031998
12031999
12041990
12041991
12041992
12041993
12041994
12041995
12041996
12041997
12041998
12041999
12051990
12051991
12051992
12051993
12051994
12051995
12051996
12051997
12051998
12051999
12061990
12061991
12061992
12061993
12061994
12061995
12061996
12061997
12061998
12061999
12071990
12071991
12071992
12071993
12071994
12071995
12071996
12071997
12071998
12071999
12081990
12081991
12081992
12081993
12081994
12081995
12081996
12081997
12081998
12081999
12091990
12091991
12091992
12091993
12091994
12091995
12091996
12091997
12091998
12091999
13001990
13001991
13001992
13001993
13001994
13001995
13001996
13001997
13001998
13001999
13011990
13011991
13011992
13011993
13011994
13011995
13011996
13011997
13011998
13011999
13021990
13021991
13021992
13021993
13021994
13021995
13021996
13021997
13021998
13021999
13031990
13031991
13031992
13031993
13031994
13031995
13031996
13031997
13031998
13031999
13041990
13041991
13041992
13041993
13041994
13041995
13041996
13041997
13041998
13041999
13051990
13051991
13051992
13051993
13051994
13051995
13051996
13051997
13051998
13051999
13061990
13061991
13061992
13061993
13061994
13061995
13061996
13061997
13061998
13061999
13071990
13071991
13071992
13071993
13071994
13071995
13071996
13071997
13071998
13071999
13081990
13081991
13081992
13081993
13081994
13081995
13081996
13081997
13081998
13081999
13091990
13091991
13091992
13091993
13091994
13091995
13091996
13091997
13091998
13091999
14001990
14001991
14001992
14001993
14001994
14001995
14001996
14001997
14001998
14001999
14011990
14011991
14011992
14011993
14011994
14011995
14011996
14011997
14011998
14011999
14021990
14021991
14021992
14021993
14021994
14021995
14021996
14021997
14021998
14021999
14031990
14031991
14031992
14031993
14031994
14031995
14031996
14031997
14031998
14031999
14041990
14041991
14041992
14041993
14041994
14041995
14041996
14041997
14041998
14041999
14051990
14051991
14051992
14051993
14051994
14051995
14051996
14051997
14051998
14051999
14061990
14061991
14061992
14061993
14061994
14061995
14061996
14061997
14061998
14061999
14071990
14071991
14071992
14071993
14071994
14071995
14071996
14071997
14071998
14071999
14081990
14081991
14081992
14081993
14081994
14081995
14081996
14081997
14081998
14081999
14091990
14091991
14091992
14091993
14091994
14091995
14091996
14091997
14091998
14091999
15001990
15001991
15001992
15001993
15001994
15001995
15001996
15001997
15001998
15001999
15011990
15011991
15011992
15011993
15011994
15011995
15011996
15011997
15011998
15011999
15021990
15021991
15021992
15021993
15021994
15021995
15021996
15021997
15021998
15021999
15031990
15031991
15031992
15031993
15031994
15031995
15031996
15031997
15031998
15031999
15041990
15041991
15041992
15041993
15041994
15041995
15041996
15041997
15041998
15041999
15051990
15051991
15051992
15051993
15051994
15051995
15051996
15051997
15051998
15051999
15061990
15061991
15061992
15061993
15061994
15061995
15061996
15061997
15061998
15061999
15071990
15071991
15071992
15071993
15071994
15071995
15071996
15071997
15071998
15071999
15081990
15081991
15081992
15081993
15081994
15081995
15081996
15081997
15081998
15081999
15091990
15091991
15091992
15091993
15091994
15091995
15091996
15091997
15091998
15091999
16001990
16001991
16001992
16001993
16001994
16001995
16001996
16001997
16001998
16001999
16011990
16011991
16011992
16011993
16011994
16011995
16011996
16011997
16011998
16011999
16021990
16021991
16021992
16021993
16021994
16021995
16021996
16021997
16021998
16021999
16031990
16031991
16031992
16031993
16031994
16031995
16031996
16031997
16031998
16031999
16041990
16041991
16041992
16041993
16041994
16041995
16041996
16041997
16041998
16041999
16051990
16051991
16051992
16051993
16051994
16051995
16051996
16051997
16051998
16051999
16061990
16061991
16061992
16061993
16061994
16061995
16061996
16061997
16061998
16061999
16071990
16071991
16071992
16071993
16071994
16071995
16071996
16071997
16071998
16071999
16081990
16081991
16081992
16081993
16081994
16081995
16081996
16081997
16081998
16081999
16091990
16091991
16091992
16091993
16091994
16091995
16091996
16091997
16091998
16091999
17001990
17001991
17001992
17001993
17001994
17001995
17001996
17001997
17001998
17001999
17011990
17011991
17011992
17011993
17011994
17011995
17011996
17011997
17011998
17011999
17021990
17021991
17021992
17021993
17021994
17021995
17021996
17021997
17021998
17021999
17031990
17031991
17031992
17031993
17031994
17031995
17031996
17031997
17031998
17031999
17041990
17041991
17041992
17041993
17041994
17041995
17041996
17041997
17041998
17041999
17051990
17051991
17051992
17051993
17051994
17051995
17051996
17051997
17051998
17051999
17061990
17061991
17061992
17061993
17061994
17061995
17061996
17061997
17061998
17061999
17071990
17071991
17071992
17071993
17071994
17071995
17071996
17071997
17071998
17071999
17081990
17081991
17081992
17081993
17081994
17081995
17081996
17081997
17081998
17081999
17091990
17091991
17091992
17091993
17091994
17091995
17091996
17091997
17091998
17091999
18001990
18001991
18001992
18001993
18001994
18001995
18001996
18001997
18001998
18001999
18011990
18011991
18011992
18011993
18011994
18011995
18011996
18011997
18011998
18011999
18021990
18021991
18021992
18021993
18021994
18021995
18021996
18021997
18021998
18021999
18031990
18031991
18031992
18031993
18031994
18031995
18031996
18031997
18031998
18031999
18041990
18041991
18041992
18041993
18041994
18041995
18041996
18041997
18041998
18041999
18051990
18051991
18051992
18051993
18051994
18051995
18051996
18051997
18051998
18051999
18061990
18061991
18061992
18061993
18061994
18061995
18061996
18061997
18061998
18061999
18071990
18071991
18071992
18071993
18071994
18071995
18071996
18071997
18071998
18071999
18081990
18081991
18081992
18081993
18081994
18081995
18081996
18081997
18081998
18081999
18091990
18091991
18091992
18091993
18091994
18091995
18091996
18091997
18091998
18091999
19001990
19001991
19001992
19001993
19001994
19001995
19001996
19001997
19001998
19001999
19011990
19011991
19011992
19011993
19011994
19011995
19011996
19011997
19011998
19011999
19021990
19021991
19021992
19021993
19021994
19021995
19021996
19021997
19021998
19021999
19031990
19031991
19031992
19031993
19031994
19031995
19031996
19031997
19031998
19031999
19041990
19041991
19041992
19041993
19041994
19041995
19041996
19041997
19041998
19041999
19051990
19051991
19051992
19051993
19051994
19051995
19051996
19051997
19051998
19051999
19061990
19061991
19061992
19061993
19061994
19061995
19061996
19061997
19061998
19061999
19071990
19071991
19071992
19071993
19071994
19071995
19071996
19071997
19071998
19071999
19081990
19081991
19081992
19081993
19081994
19081995
19081996
19081997
19081998
19081999
19091990
19091991
19091992
19091993
19091994
19091995
19091996
19091997
19091998
19091999
