10002000
10002001
10002002
10002003
10002004
10002005
10002006
10002007
10002008
10002009
10012000
10012001
10012002
10012003
10012004
10012005
10012006
10012007
10012008
10012009
10022000
10022001
10022002
10022003
10022004
10022005
10022006
10022007
10022008
10022009
10032000
10032001
10032002
10032003
10032004
10032005
10032006
10032007
10032008
10032009
10042000
10042001
10042002
10042003
10042004
10042005
10042006
10042007
10042008
10042009
10052000
10052001
10052002
10052003
10052004
10052005
10052006
10052007
10052008
10052009
10062000
10062001
10062002
10062003
10062004
10062005
10062006
10062007
10062008
10062009
10072000
10072001
10072002
10072003
10072004
10072005
10072006
10072007
10072008
10072009
10082000
10082001
10082002
10082003
10082004
10082005
10082006
10082007
10082008
10082009
10092000
10092001
10092002
10092003
10092004
10092005
10092006
10092007
10092008
10092009
11002000
11002001
11002002
11002003
11002004
11002005
11002006
11002007
11002008
11002009
11012000
11012001
11012002
11012003
11012004
11012005
11012006
11012007
11012008
11012009
11022000
11022001
11022002
11022003
11022004
11022005
11022006
11022007
11022008
11022009
11032000
11032001
11032002
11032003
11032004
11032005
11032006
11032007
11032008
11032009
11042000
11042001
11042002
11042003
11042004
11042005
11042006
11042007
11042008
11042009
11052000
11052001
11052002
11052003
11052004
11052005
11052006
11052007
11052008
11052009
11062000
11062001
11062002
11062003
11062004
11062005
11062006
11062007
11062008
11062009
11072000
11072001
11072002
11072003
11072004
11072005
11072006
11072007
11072008
11072009
11082000
11082001
11082002
11082003
11082004
11082005
11082006
11082007
11082008
11082009
11092000
11092001
11092002
11092003
11092004
11092005
11092006
11092007
11092008
11092009
12002000
12002001
12002002
12002003
12002004
12002005
12002006
12002007
12002008
12002009
12012000
12012001
12012002
12012003
12012004
12012005
12012006
12012007
12012008
12012009
12022000
12022001
12022002
12022003
12022004
12022005
12022006
12022007
12022008
12022009
12032000
12032001
12032002
12032003
12032004
12032005
12032006
12032007
12032008
12032009
12042000
12042001
12042002
12042003
12042004
12042005
12042006
12042007
12042008
12042009
12052000
12052001
12052002
12052003
12052004
12052005
12052006
12052007
12052008
12052009
12062000
12062001
12062002
12062003
12062004
12062005
12062006
12062007
12062008
12062009
12072000
12072001
12072002
12072003
12072004
12072005
12072006
12072007
12072008
12072009
12082000
12082001
12082002
12082003
12082004
12082005
12082006
12082007
12082008
12082009
12092000
12092001
12092002
12092003
12092004
12092005
12092006
12092007
12092008
12092009
13002000
13002001
13002002
13002003
13002004
13002005
13002006
13002007
13002008
13002009
13012000
13012001
13012002
13012003
13012004
13012005
13012006
13012007
13012008
13012009
13022000
13022001
13022002
13022003
13022004
13022005
13022006
13022007
13022008
13022009
13032000
13032001
13032002
13032003
13032004
13032005
13032006
13032007
13032008
13032009
13042000
13042001
13042002
13042003
13042004
13042005
13042006
13042007
13042008
13042009
13052000
13052001
13052002
13052003
13052004
13052005
13052006
13052007
13052008
13052009
13062000
13062001
13062002
13062003
13062004
13062005
13062006
13062007
13062008
13062009
13072000
13072001
13072002
13072003
13072004
13072005
13072006
13072007
13072008
13072009
13082000
13082001
13082002
13082003
13082004
13082005
13082006
13082007
13082008
13082009
13092000
13092001
13092002
13092003
13092004
13092005
13092006
13092007
13092008
13092009
14002000
14002001
14002002
14002003
14002004
14002005
14002006
14002007
14002008
14002009
14012000
14012001
14012002
14012003
14012004
14012005
14012006
14012007
14012008
14012009
14022000
14022001
14022002
14022003
14022004
14022005
14022006
14022007
14022008
14022009
14032000
14032001
14032002
14032003
14032004
14032005
14032006
14032007
14032008
14032009
14042000
14042001
14042002
14042003
14042004
14042005
14042006
14042007
14042008
14042009
14052000
14052001
14052002
14052003
14052004
14052005
14052006
14052007
14052008
14052009
14062000
14062001
14062002
14062003
14062004
14062005
14062006
14062007
14062008
14062009
14072000
14072001
14072002
14072003
14072004
14072005
14072006
14072007
14072008
14072009
14082000
14082001
14082002
14082003
14082004
14082005
14082006
14082007
14082008
14082009
14092000
14092001
14092002
14092003
14092004
14092005
14092006
14092007
14092008
14092009
15002000
15002001
15002002
15002003
15002004
15002005
15002006
15002007
15002008
15002009
15012000
15012001
15012002
15012003
15012004
15012005
15012006
15012007
15012008
15012009
15022000
15022001
15022002
15022003
15022004
15022005
15022006
15022007
15022008
15022009
15032000
15032001
15032002
15032003
15032004
15032005
15032006
15032007
15032008
15032009
15042000
15042001
15042002
15042003
15042004
15042005
15042006
15042007
15042008
15042009
15052000
15052001
15052002
15052003
15052004
15052005
15052006
15052007
15052008
15052009
15062000
15062001
15062002
15062003
15062004
15062005
15062006
15062007
15062008
15062009
15072000
15072001
15072002
15072003
15072004
15072005
15072006
15072007
15072008
15072009
15082000
15082001
15082002
15082003
15082004
15082005
15082006
15082007
15082008
15082009
15092000
15092001
15092002
15092003
15092004
15092005
15092006
15092007
15092008
15092009
16002000
16002001
16002002
16002003
16002004
16002005
16002006
16002007
16002008
16002009
16012000
16012001
16012002
16012003
16012004
16012005
16012006
16012007
16012008
16012009
16022000
16022001
16022002
16022003
16022004
16022005
16022006
16022007
16022008
16022009
16032000
16032001
16032002
16032003
16032004
16032005
16032006
16032007
16032008
16032009
16042000
16042001
16042002
16042003
16042004
16042005
16042006
16042007
16042008
16042009
16052000
16052001
16052002
16052003
16052004
16052005
16052006
16052007
16052008
16052009
16062000
16062001
16062002
16062003
16062004
16062005
16062006
16062007
16062008
16062009
16072000
16072001
16072002
16072003
16072004
16072005
16072006
16072007
16072008
16072009
16082000
16082001
16082002
16082003
16082004
16082005
16082006
16082007
16082008
16082009
16092000
16092001
16092002
16092003
16092004
16092005
16092006
16092007
16092008
16092009
17002000
17002001
17002002
17002003
17002004
17002005
17002006
17002007
17002008
17002009
17012000
17012001
17012002
17012003
17012004
17012005
17012006
17012007
17012008
17012009
17022000
17022001
17022002
17022003
17022004
17022005
17022006
17022007
17022008
17022009
17032000
17032001
17032002
17032003
17032004
17032005
17032006
17032007
17032008
17032009
17042000
17042001
17042002
17042003
17042004
17042005
17042006
17042007
17042008
17042009
17052000
17052001
17052002
17052003
17052004
17052005
17052006
17052007
17052008
17052009
17062000
17062001
17062002
17062003
17062004
17062005
17062006
17062007
17062008
17062009
17072000
17072001
17072002
17072003
17072004
17072005
17072006
17072007
17072008
17072009
17082000
17082001
17082002
17082003
17082004
17082005
17082006
17082007
17082008
17082009
17092000
17092001
17092002
17092003
17092004
17092005
17092006
17092007
17092008
17092009
18002000
18002001
18002002
18002003
18002004
18002005
18002006
18002007
18002008
18002009
18012000
18012001
18012002
18012003
18012004
18012005
18012006
18012007
18012008
18012009
18022000
18022001
18022002
18022003
18022004
18022005
18022006
18022007
18022008
18022009
18032000
18032001
18032002
18032003
18032004
18032005
18032006
18032007
18032008
18032009
18042000
18042001
18042002
18042003
18042004
18042005
18042006
18042007
18042008
18042009
18052000
18052001
18052002
18052003
18052004
18052005
18052006
18052007
18052008
18052009
18062000
18062001
18062002
18062003
18062004
18062005
18062006
18062007
18062008
18062009
18072000
18072001
18072002
18072003
18072004
18072005
18072006
18072007
18072008
18072009
18082000
18082001
18082002
18082003
18082004
18082005
18082006
18082007
18082008
18082009
18092000
18092001
18092002
18092003
18092004
18092005
18092006
18092007
18092008
18092009
19002000
19002001
19002002
19002003
19002004
19002005
19002006
19002007
19002008
19002009
19012000
19012001
19012002
19012003
19012004
19012005
19012006
19012007
19012008
19012009
19022000
19022001
19022002
19022003
19022004
19022005
19022006
19022007
19022008
19022009
19032000
19032001
19032002
19032003
19032004
19032005
19032006
19032007
19032008
19032009
19042000
19042001
19042002
19042003
19042004
19042005
19042006
19042007
19042008
19042009
19052000
19052001
19052002
19052003
19052004
19052005
19052006
19052007
19052008
19052009
19062000
19062001
19062002
19062003
19062004
19062005
19062006
19062007
19062008
19062009
19072000
19072001
19072002
19072003
19072004
19072005
19072006
19072007
19072008
19072009
19082000
19082001
19082002
19082003
19082004
19082005
19082006
19082007
19082008
19082009
19092000
19092001
19092002
19092003
19092004
19092005
19092006
19092007
19092008
19092009
