10102000
10102001
10102002
10102003
10102004
10102005
10102006
10102007
10102008
10102009
10112000
10112001
10112002
10112003
10112004
10112005
10112006
10112007
10112008
10112009
10122000
10122001
10122002
10122003
10122004
10122005
10122006
10122007
10122008
10122009
10132000
10132001
10132002
10132003
10132004
10132005
10132006
10132007
10132008
10132009
10142000
10142001
10142002
10142003
10142004
10142005
10142006
10142007
10142008
10142009
10152000
10152001
10152002
10152003
10152004
10152005
10152006
10152007
10152008
10152009
10162000
10162001
10162002
10162003
10162004
10162005
10162006
10162007
10162008
10162009
10172000
10172001
10172002
10172003
10172004
10172005
10172006
10172007
10172008
10172009
10182000
10182001
10182002
10182003
10182004
10182005
10182006
10182007
10182008
10182009
10192000
10192001
10192002
10192003
10192004
10192005
10192006
10192007
10192008
10192009
11102000
11102001
11102002
11102003
11102004
11102005
11102006
11102007
11102008
11102009
11112000
11112001
11112002
11112003
11112004
11112005
11112006
11112007
11112008
11112009
11122000
11122001
11122002
11122003
11122004
11122005
11122006
11122007
11122008
11122009
11132000
11132001
11132002
11132003
11132004
11132005
11132006
11132007
11132008
11132009
11142000
11142001
11142002
11142003
11142004
11142005
11142006
11142007
11142008
11142009
11152000
11152001
11152002
11152003
11152004
11152005
11152006
11152007
11152008
11152009
11162000
11162001
11162002
11162003
11162004
11162005
11162006
11162007
11162008
11162009
11172000
11172001
11172002
11172003
11172004
11172005
11172006
11172007
11172008
11172009
11182000
11182001
11182002
11182003
11182004
11182005
11182006
11182007
11182008
11182009
11192000
11192001
11192002
11192003
11192004
11192005
11192006
11192007
11192008
11192009
12102000
12102001
12102002
12102003
12102004
12102005
12102006
12102007
12102008
12102009
12112000
12112001
12112002
12112003
12112004
12112005
12112006
12112007
12112008
12112009
12122000
12122001
12122002
12122003
12122004
12122005
12122006
12122007
12122008
12122009
12132000
12132001
12132002
12132003
12132004
12132005
12132006
12132007
12132008
12132009
12142000
12142001
12142002
12142003
12142004
12142005
12142006
12142007
12142008
12142009
12152000
12152001
12152002
12152003
12152004
12152005
12152006
12152007
12152008
12152009
12162000
12162001
12162002
12162003
12162004
12162005
12162006
12162007
12162008
12162009
12172000
12172001
12172002
12172003
12172004
12172005
12172006
12172007
12172008
12172009
12182000
12182001
12182002
12182003
12182004
12182005
12182006
12182007
12182008
12182009
12192000
12192001
12192002
12192003
12192004
12192005
12192006
12192007
12192008
12192009
13102000
13102001
13102002
13102003
13102004
13102005
13102006
13102007
13102008
13102009
13112000
13112001
13112002
13112003
13112004
13112005
13112006
13112007
13112008
13112009
13122000
13122001
13122002
13122003
13122004
13122005
13122006
13122007
13122008
13122009
13132000
13132001
13132002
13132003
13132004
13132005
13132006
13132007
13132008
13132009
13142000
13142001
13142002
13142003
13142004
13142005
13142006
13142007
13142008
13142009
13152000
13152001
13152002
13152003
13152004
13152005
13152006
13152007
13152008
13152009
13162000
13162001
13162002
13162003
13162004
13162005
13162006
13162007
13162008
13162009
13172000
13172001
13172002
13172003
13172004
13172005
13172006
13172007
13172008
13172009
13182000
13182001
13182002
13182003
13182004
13182005
13182006
13182007
13182008
13182009
13192000
13192001
13192002
13192003
13192004
13192005
13192006
13192007
13192008
13192009
14102000
14102001
14102002
14102003
14102004
14102005
14102006
14102007
14102008
14102009
14112000
14112001
14112002
14112003
14112004
14112005
14112006
14112007
14112008
14112009
14122000
14122001
14122002
14122003
14122004
14122005
14122006
14122007
14122008
14122009
14132000
14132001
14132002
14132003
14132004
14132005
14132006
14132007
14132008
14132009
14142000
14142001
14142002
14142003
14142004
14142005
14142006
14142007
14142008
14142009
14152000
14152001
14152002
14152003
14152004
14152005
14152006
14152007
14152008
14152009
14162000
14162001
14162002
14162003
14162004
14162005
14162006
14162007
14162008
14162009
14172000
14172001
14172002
14172003
14172004
14172005
14172006
14172007
14172008
14172009
14182000
14182001
14182002
14182003
14182004
14182005
14182006
14182007
14182008
14182009
14192000
14192001
14192002
14192003
14192004
14192005
14192006
14192007
14192008
14192009
15102000
15102001
15102002
15102003
15102004
15102005
15102006
15102007
15102008
15102009
15112000
15112001
15112002
15112003
15112004
15112005
15112006
15112007
15112008
15112009
15122000
15122001
15122002
15122003
15122004
15122005
15122006
15122007
15122008
15122009
15132000
15132001
15132002
15132003
15132004
15132005
15132006
15132007
15132008
15132009
15142000
15142001
15142002
15142003
15142004
15142005
15142006
15142007
15142008
15142009
15152000
15152001
15152002
15152003
15152004
15152005
15152006
15152007
15152008
15152009
15162000
15162001
15162002
15162003
15162004
15162005
15162006
15162007
15162008
15162009
15172000
15172001
15172002
15172003
15172004
15172005
15172006
15172007
15172008
15172009
15182000
15182001
15182002
15182003
15182004
15182005
15182006
15182007
15182008
15182009
15192000
15192001
15192002
15192003
15192004
15192005
15192006
15192007
15192008
15192009
16102000
16102001
16102002
16102003
16102004
16102005
16102006
16102007
16102008
16102009
16112000
16112001
16112002
16112003
16112004
16112005
16112006
16112007
16112008
16112009
16122000
16122001
16122002
16122003
16122004
16122005
16122006
16122007
16122008
16122009
16132000
16132001
16132002
16132003
16132004
16132005
16132006
16132007
16132008
16132009
16142000
16142001
16142002
16142003
16142004
16142005
16142006
16142007
16142008
16142009
16152000
16152001
16152002
16152003
16152004
16152005
16152006
16152007
16152008
16152009
16162000
16162001
16162002
16162003
16162004
16162005
16162006
16162007
16162008
16162009
16172000
16172001
16172002
16172003
16172004
16172005
16172006
16172007
16172008
16172009
16182000
16182001
16182002
16182003
16182004
16182005
16182006
16182007
16182008
16182009
16192000
16192001
16192002
16192003
16192004
16192005
16192006
16192007
16192008
16192009
17102000
17102001
17102002
17102003
17102004
17102005
17102006
17102007
17102008
17102009
17112000
17112001
17112002
17112003
17112004
17112005
17112006
17112007
17112008
17112009
17122000
17122001
17122002
17122003
17122004
17122005
17122006
17122007
17122008
17122009
17132000
17132001
17132002
17132003
17132004
17132005
17132006
17132007
17132008
17132009
17142000
17142001
17142002
17142003
17142004
17142005
17142006
17142007
17142008
17142009
17152000
17152001
17152002
17152003
17152004
17152005
17152006
17152007
17152008
17152009
17162000
17162001
17162002
17162003
17162004
17162005
17162006
17162007
17162008
17162009
17172000
17172001
17172002
17172003
17172004
17172005
17172006
17172007
17172008
17172009
17182000
17182001
17182002
17182003
17182004
17182005
17182006
17182007
17182008
17182009
17192000
17192001
17192002
17192003
17192004
17192005
17192006
17192007
17192008
17192009
18102000
18102001
18102002
18102003
18102004
18102005
18102006
18102007
18102008
18102009
18112000
18112001
18112002
18112003
18112004
18112005
18112006
18112007
18112008
18112009
18122000
18122001
18122002
18122003
18122004
18122005
18122006
18122007
18122008
18122009
18132000
18132001
18132002
18132003
18132004
18132005
18132006
18132007
18132008
18132009
18142000
18142001
18142002
18142003
18142004
18142005
18142006
18142007
18142008
18142009
18152000
18152001
18152002
18152003
18152004
18152005
18152006
18152007
18152008
18152009
18162000
18162001
18162002
18162003
18162004
18162005
18162006
18162007
18162008
18162009
18172000
18172001
18172002
18172003
18172004
18172005
18172006
18172007
18172008
18172009
18182000
18182001
18182002
18182003
18182004
18182005
18182006
18182007
18182008
18182009
18192000
18192001
18192002
18192003
18192004
18192005
18192006
18192007
18192008
18192009
19102000
19102001
19102002
19102003
19102004
19102005
19102006
19102007
19102008
19102009
19112000
19112001
19112002
19112003
19112004
19112005
19112006
19112007
19112008
19112009
19122000
19122001
19122002
19122003
19122004
19122005
19122006
19122007
19122008
19122009
19132000
19132001
19132002
19132003
19132004
19132005
19132006
19132007
19132008
19132009
19142000
19142001
19142002
19142003
19142004
19142005
19142006
19142007
19142008
19142009
19152000
19152001
19152002
19152003
19152004
19152005
19152006
19152007
19152008
19152009
19162000
19162001
19162002
19162003
19162004
19162005
19162006
19162007
19162008
19162009
19172000
19172001
19172002
19172003
19172004
19172005
19172006
19172007
19172008
19172009
19182000
19182001
19182002
19182003
19182004
19182005
19182006
19182007
19182008
19182009
19192000
19192001
19192002
19192003
19192004
19192005
19192006
19192007
19192008
19192009
