10101990
10101991
10101992
10101993
10101994
10101995
10101996
10101997
10101998
10101999
10111990
10111991
10111992
10111993
10111994
10111995
10111996
10111997
10111998
10111999
10121990
10121991
10121992
10121993
10121994
10121995
10121996
10121997
10121998
10121999
10131990
10131991
10131992
10131993
10131994
10131995
10131996
10131997
10131998
10131999
10141990
10141991
10141992
10141993
10141994
10141995
10141996
10141997
10141998
10141999
10151990
10151991
10151992
10151993
10151994
10151995
10151996
10151997
10151998
10151999
10161990
10161991
10161992
10161993
10161994
10161995
10161996
10161997
10161998
10161999
10171990
10171991
10171992
10171993
10171994
10171995
10171996
10171997
10171998
10171999
10181990
10181991
10181992
10181993
10181994
10181995
10181996
10181997
10181998
10181999
10191990
10191991
10191992
10191993
10191994
10191995
10191996
10191997
10191998
10191999
11101990
11101991
11101992
11101993
11101994
11101995
11101996
11101997
11101998
11101999
11111990
11111991
11111992
11111993
11111994
11111995
11111996
11111997
11111998
11111999
11121990
11121991
11121992
11121993
11121994
11121995
11121996
11121997
11121998
11121999
11131990
11131991
11131992
11131993
11131994
11131995
11131996
11131997
11131998
11131999
11141990
11141991
11141992
11141993
11141994
11141995
11141996
11141997
11141998
11141999
11151990
11151991
11151992
11151993
11151994
11151995
11151996
11151997
11151998
11151999
11161990
11161991
11161992
11161993
11161994
11161995
11161996
11161997
11161998
11161999
11171990
11171991
11171992
11171993
11171994
11171995
11171996
11171997
11171998
11171999
11181990
11181991
11181992
11181993
11181994
11181995
11181996
11181997
11181998
11181999
11191990
11191991
11191992
11191993
11191994
11191995
11191996
11191997
11191998
11191999
12101990
12101991
12101992
12101993
12101994
12101995
12101996
12101997
12101998
12101999
12111990
12111991
12111992
12111993
12111994
12111995
12111996
12111997
12111998
12111999
12121990
12121991
12121992
12121993
12121994
12121995
12121996
12121997
12121998
12121999
12131990
12131991
12131992
12131993
12131994
12131995
12131996
12131997
12131998
12131999
12141990
12141991
12141992
12141993
12141994
12141995
12141996
12141997
12141998
12141999
12151990
12151991
12151992
12151993
12151994
12151995
12151996
12151997
12151998
12151999
12161990
12161991
12161992
12161993
12161994
12161995
12161996
12161997
12161998
12161999
12171990
12171991
12171992
12171993
12171994
12171995
12171996
12171997
12171998
12171999
12181990
12181991
12181992
12181993
12181994
12181995
12181996
12181997
12181998
12181999
12191990
12191991
12191992
12191993
12191994
12191995
12191996
12191997
12191998
12191999
13101990
13101991
13101992
13101993
13101994
13101995
13101996
13101997
13101998
13101999
13111990
13111991
13111992
13111993
13111994
13111995
13111996
13111997
13111998
13111999
13121990
13121991
13121992
13121993
13121994
13121995
13121996
13121997
13121998
13121999
13131990
13131991
13131992
13131993
13131994
13131995
13131996
13131997
13131998
13131999
13141990
13141991
13141992
13141993
13141994
13141995
13141996
13141997
13141998
13141999
13151990
13151991
13151992
13151993
13151994
13151995
13151996
13151997
13151998
13151999
13161990
13161991
13161992
13161993
13161994
13161995
13161996
13161997
13161998
13161999
13171990
13171991
13171992
13171993
13171994
13171995
13171996
13171997
13171998
13171999
13181990
13181991
13181992
13181993
13181994
13181995
13181996
13181997
13181998
13181999
13191990
13191991
13191992
13191993
13191994
13191995
13191996
13191997
13191998
13191999
14101990
14101991
14101992
14101993
14101994
14101995
14101996
14101997
14101998
14101999
14111990
14111991
14111992
14111993
14111994
14111995
14111996
14111997
14111998
14111999
14121990
14121991
14121992
14121993
14121994
14121995
14121996
14121997
14121998
14121999
14131990
14131991
14131992
14131993
14131994
14131995
14131996
14131997
14131998
14131999
14141990
14141991
14141992
14141993
14141994
14141995
14141996
14141997
14141998
14141999
14151990
14151991
14151992
14151993
14151994
14151995
14151996
14151997
14151998
14151999
14161990
14161991
14161992
14161993
14161994
14161995
14161996
14161997
14161998
14161999
14171990
14171991
14171992
14171993
14171994
14171995
14171996
14171997
14171998
14171999
14181990
14181991
14181992
14181993
14181994
14181995
14181996
14181997
14181998
14181999
14191990
14191991
14191992
14191993
14191994
14191995
14191996
14191997
14191998
14191999
15101990
15101991
15101992
15101993
15101994
15101995
15101996
15101997
15101998
15101999
15111990
15111991
15111992
15111993
15111994
15111995
15111996
15111997
15111998
15111999
15121990
15121991
15121992
15121993
15121994
15121995
15121996
15121997
15121998
15121999
15131990
15131991
15131992
15131993
15131994
15131995
15131996
15131997
15131998
15131999
15141990
15141991
15141992
15141993
15141994
15141995
15141996
15141997
15141998
15141999
15151990
15151991
15151992
15151993
15151994
15151995
15151996
15151997
15151998
15151999
15161990
15161991
15161992
15161993
15161994
15161995
15161996
15161997
15161998
15161999
15171990
15171991
15171992
15171993
15171994
15171995
15171996
15171997
15171998
15171999
15181990
15181991
15181992
15181993
15181994
15181995
15181996
15181997
15181998
15181999
15191990
15191991
15191992
15191993
15191994
15191995
15191996
15191997
15191998
15191999
16101990
16101991
16101992
16101993
16101994
16101995
16101996
16101997
16101998
16101999
16111990
16111991
16111992
16111993
16111994
16111995
16111996
16111997
16111998
16111999
16121990
16121991
16121992
16121993
16121994
16121995
16121996
16121997
16121998
16121999
16131990
16131991
16131992
16131993
16131994
16131995
16131996
16131997
16131998
16131999
16141990
16141991
16141992
16141993
16141994
16141995
16141996
16141997
16141998
16141999
16151990
16151991
16151992
16151993
16151994
16151995
16151996
16151997
16151998
16151999
16161990
16161991
16161992
16161993
16161994
16161995
16161996
16161997
16161998
16161999
16171990
16171991
16171992
16171993
16171994
16171995
16171996
16171997
16171998
16171999
16181990
16181991
16181992
16181993
16181994
16181995
16181996
16181997
16181998
16181999
16191990
16191991
16191992
16191993
16191994
16191995
16191996
16191997
16191998
16191999
17101990
17101991
17101992
17101993
17101994
17101995
17101996
17101997
17101998
17101999
17111990
17111991
17111992
17111993
17111994
17111995
17111996
17111997
17111998
17111999
17121990
17121991
17121992
17121993
17121994
17121995
17121996
17121997
17121998
17121999
17131990
17131991
17131992
17131993
17131994
17131995
17131996
17131997
17131998
17131999
17141990
17141991
17141992
17141993
17141994
17141995
17141996
17141997
17141998
17141999
17151990
17151991
17151992
17151993
17151994
17151995
17151996
17151997
17151998
17151999
17161990
17161991
17161992
17161993
17161994
17161995
17161996
17161997
17161998
17161999
17171990
17171991
17171992
17171993
17171994
17171995
17171996
17171997
17171998
17171999
17181990
17181991
17181992
17181993
17181994
17181995
17181996
17181997
17181998
17181999
17191990
17191991
17191992
17191993
17191994
17191995
17191996
17191997
17191998
17191999
18101990
18101991
18101992
18101993
18101994
18101995
18101996
18101997
18101998
18101999
18111990
18111991
18111992
18111993
18111994
18111995
18111996
18111997
18111998
18111999
18121990
18121991
18121992
18121993
18121994
18121995
18121996
18121997
18121998
18121999
18131990
18131991
18131992
18131993
18131994
18131995
18131996
18131997
18131998
18131999
18141990
18141991
18141992
18141993
18141994
18141995
18141996
18141997
18141998
18141999
18151990
18151991
18151992
18151993
18151994
18151995
18151996
18151997
18151998
18151999
18161990
18161991
18161992
18161993
18161994
18161995
18161996
18161997
18161998
18161999
18171990
18171991
18171992
18171993
18171994
18171995
18171996
18171997
18171998
18171999
18181990
18181991
18181992
18181993
18181994
18181995
18181996
18181997
18181998
18181999
18191990
18191991
18191992
18191993
18191994
18191995
18191996
18191997
18191998
18191999
19101990
19101991
19101992
19101993
19101994
19101995
19101996
19101997
19101998
19101999
19111990
19111991
19111992
19111993
19111994
19111995
19111996
19111997
19111998
19111999
19121990
19121991
19121992
19121993
19121994
19121995
19121996
19121997
19121998
19121999
19131990
19131991
19131992
19131993
19131994
19131995
19131996
19131997
19131998
19131999
19141990
19141991
19141992
19141993
19141994
19141995
19141996
19141997
19141998
19141999
19151990
19151991
19151992
19151993
19151994
19151995
19151996
19151997
19151998
19151999
19161990
19161991
19161992
19161993
19161994
19161995
19161996
19161997
19161998
19161999
19171990
19171991
19171992
19171993
19171994
19171995
19171996
19171997
19171998
19171999
19181990
19181991
19181992
19181993
19181994
19181995
19181996
19181997
19181998
19181999
19191990
19191991
19191992
19191993
19191994
19191995
19191996
19191997
19191998
19191999
