10102010
10102011
10102012
10102013
10102014
10102015
10102016
10102017
10102018
10102019
10112010
10112011
10112012
10112013
10112014
10112015
10112016
10112017
10112018
10112019
10122010
10122011
10122012
10122013
10122014
10122015
10122016
10122017
10122018
10122019
10132010
10132011
10132012
10132013
10132014
10132015
10132016
10132017
10132018
10132019
10142010
10142011
10142012
10142013
10142014
10142015
10142016
10142017
10142018
10142019
10152010
10152011
10152012
10152013
10152014
10152015
10152016
10152017
10152018
10152019
10162010
10162011
10162012
10162013
10162014
10162015
10162016
10162017
10162018
10162019
10172010
10172011
10172012
10172013
10172014
10172015
10172016
10172017
10172018
10172019
10182010
10182011
10182012
10182013
10182014
10182015
10182016
10182017
10182018
10182019
10192010
10192011
10192012
10192013
10192014
10192015
10192016
10192017
10192018
10192019
11102010
11102011
11102012
11102013
11102014
11102015
11102016
11102017
11102018
11102019
11112010
11112011
11112012
11112013
11112014
11112015
11112016
11112017
11112018
11112019
11122010
11122011
11122012
11122013
11122014
11122015
11122016
11122017
11122018
11122019
11132010
11132011
11132012
11132013
11132014
11132015
11132016
11132017
11132018
11132019
11142010
11142011
11142012
11142013
11142014
11142015
11142016
11142017
11142018
11142019
11152010
11152011
11152012
11152013
11152014
11152015
11152016
11152017
11152018
11152019
11162010
11162011
11162012
11162013
11162014
11162015
11162016
11162017
11162018
11162019
11172010
11172011
11172012
11172013
11172014
11172015
11172016
11172017
11172018
11172019
11182010
11182011
11182012
11182013
11182014
11182015
11182016
11182017
11182018
11182019
11192010
11192011
11192012
11192013
11192014
11192015
11192016
11192017
11192018
11192019
12102010
12102011
12102012
12102013
12102014
12102015
12102016
12102017
12102018
12102019
12112010
12112011
12112012
12112013
12112014
12112015
12112016
12112017
12112018
12112019
12122010
12122011
12122012
12122013
12122014
12122015
12122016
12122017
12122018
12122019
12132010
12132011
12132012
12132013
12132014
12132015
12132016
12132017
12132018
12132019
12142010
12142011
12142012
12142013
12142014
12142015
12142016
12142017
12142018
12142019
12152010
12152011
12152012
12152013
12152014
12152015
12152016
12152017
12152018
12152019
12162010
12162011
12162012
12162013
12162014
12162015
12162016
12162017
12162018
12162019
12172010
12172011
12172012
12172013
12172014
12172015
12172016
12172017
12172018
12172019
12182010
12182011
12182012
12182013
12182014
12182015
12182016
12182017
12182018
12182019
12192010
12192011
12192012
12192013
12192014
12192015
12192016
12192017
12192018
12192019
13102010
13102011
13102012
13102013
13102014
13102015
13102016
13102017
13102018
13102019
13112010
13112011
13112012
13112013
13112014
13112015
13112016
13112017
13112018
13112019
13122010
13122011
13122012
13122013
13122014
13122015
13122016
13122017
13122018
13122019
13132010
13132011
13132012
13132013
13132014
13132015
13132016
13132017
13132018
13132019
13142010
13142011
13142012
13142013
13142014
13142015
13142016
13142017
13142018
13142019
13152010
13152011
13152012
13152013
13152014
13152015
13152016
13152017
13152018
13152019
13162010
13162011
13162012
13162013
13162014
13162015
13162016
13162017
13162018
13162019
13172010
13172011
13172012
13172013
13172014
13172015
13172016
13172017
13172018
13172019
13182010
13182011
13182012
13182013
13182014
13182015
13182016
13182017
13182018
13182019
13192010
13192011
13192012
13192013
13192014
13192015
13192016
13192017
13192018
13192019
14102010
14102011
14102012
14102013
14102014
14102015
14102016
14102017
14102018
14102019
14112010
14112011
14112012
14112013
14112014
14112015
14112016
14112017
14112018
14112019
14122010
14122011
14122012
14122013
14122014
14122015
14122016
14122017
14122018
14122019
14132010
14132011
14132012
14132013
14132014
14132015
14132016
14132017
14132018
14132019
14142010
14142011
14142012
14142013
14142014
14142015
14142016
14142017
14142018
14142019
14152010
14152011
14152012
14152013
14152014
14152015
14152016
14152017
14152018
14152019
14162010
14162011
14162012
14162013
14162014
14162015
14162016
14162017
14162018
14162019
14172010
14172011
14172012
14172013
14172014
14172015
14172016
14172017
14172018
14172019
14182010
14182011
14182012
14182013
14182014
14182015
14182016
14182017
14182018
14182019
14192010
14192011
14192012
14192013
14192014
14192015
14192016
14192017
14192018
14192019
15102010
15102011
15102012
15102013
15102014
15102015
15102016
15102017
15102018
15102019
15112010
15112011
15112012
15112013
15112014
15112015
15112016
15112017
15112018
15112019
15122010
15122011
15122012
15122013
15122014
15122015
15122016
15122017
15122018
15122019
15132010
15132011
15132012
15132013
15132014
15132015
15132016
15132017
15132018
15132019
15142010
15142011
15142012
15142013
15142014
15142015
15142016
15142017
15142018
15142019
15152010
15152011
15152012
15152013
15152014
15152015
15152016
15152017
15152018
15152019
15162010
15162011
15162012
15162013
15162014
15162015
15162016
15162017
15162018
15162019
15172010
15172011
15172012
15172013
15172014
15172015
15172016
15172017
15172018
15172019
15182010
15182011
15182012
15182013
15182014
15182015
15182016
15182017
15182018
15182019
15192010
15192011
15192012
15192013
15192014
15192015
15192016
15192017
15192018
15192019
16102010
16102011
16102012
16102013
16102014
16102015
16102016
16102017
16102018
16102019
16112010
16112011
16112012
16112013
16112014
16112015
16112016
16112017
16112018
16112019
16122010
16122011
16122012
16122013
16122014
16122015
16122016
16122017
16122018
16122019
16132010
16132011
16132012
16132013
16132014
16132015
16132016
16132017
16132018
16132019
16142010
16142011
16142012
16142013
16142014
16142015
16142016
16142017
16142018
16142019
16152010
16152011
16152012
16152013
16152014
16152015
16152016
16152017
16152018
16152019
16162010
16162011
16162012
16162013
16162014
16162015
16162016
16162017
16162018
16162019
16172010
16172011
16172012
16172013
16172014
16172015
16172016
16172017
16172018
16172019
16182010
16182011
16182012
16182013
16182014
16182015
16182016
16182017
16182018
16182019
16192010
16192011
16192012
16192013
16192014
16192015
16192016
16192017
16192018
16192019
17102010
17102011
17102012
17102013
17102014
17102015
17102016
17102017
17102018
17102019
17112010
17112011
17112012
17112013
17112014
17112015
17112016
17112017
17112018
17112019
17122010
17122011
17122012
17122013
17122014
17122015
17122016
17122017
17122018
17122019
17132010
17132011
17132012
17132013
17132014
17132015
17132016
17132017
17132018
17132019
17142010
17142011
17142012
17142013
17142014
17142015
17142016
17142017
17142018
17142019
17152010
17152011
17152012
17152013
17152014
17152015
17152016
17152017
17152018
17152019
17162010
17162011
17162012
17162013
17162014
17162015
17162016
17162017
17162018
17162019
17172010
17172011
17172012
17172013
17172014
17172015
17172016
17172017
17172018
17172019
17182010
17182011
17182012
17182013
17182014
17182015
17182016
17182017
17182018
17182019
17192010
17192011
17192012
17192013
17192014
17192015
17192016
17192017
17192018
17192019
18102010
18102011
18102012
18102013
18102014
18102015
18102016
18102017
18102018
18102019
18112010
18112011
18112012
18112013
18112014
18112015
18112016
18112017
18112018
18112019
18122010
18122011
18122012
18122013
18122014
18122015
18122016
18122017
18122018
18122019
18132010
18132011
18132012
18132013
18132014
18132015
18132016
18132017
18132018
18132019
18142010
18142011
18142012
18142013
18142014
18142015
18142016
18142017
18142018
18142019
18152010
18152011
18152012
18152013
18152014
18152015
18152016
18152017
18152018
18152019
18162010
18162011
18162012
18162013
18162014
18162015
18162016
18162017
18162018
18162019
18172010
18172011
18172012
18172013
18172014
18172015
18172016
18172017
18172018
18172019
18182010
18182011
18182012
18182013
18182014
18182015
18182016
18182017
18182018
18182019
18192010
18192011
18192012
18192013
18192014
18192015
18192016
18192017
18192018
18192019
19102010
19102011
19102012
19102013
19102014
19102015
19102016
19102017
19102018
19102019
19112010
19112011
19112012
19112013
19112014
19112015
19112016
19112017
19112018
19112019
19122010
19122011
19122012
19122013
19122014
19122015
19122016
19122017
19122018
19122019
19132010
19132011
19132012
19132013
19132014
19132015
19132016
19132017
19132018
19132019
19142010
19142011
19142012
19142013
19142014
19142015
19142016
19142017
19142018
19142019
19152010
19152011
19152012
19152013
19152014
19152015
19152016
19152017
19152018
19152019
19162010
19162011
19162012
19162013
19162014
19162015
19162016
19162017
19162018
19162019
19172010
19172011
19172012
19172013
19172014
19172015
19172016
19172017
19172018
19172019
19182010
19182011
19182012
19182013
19182014
19182015
19182016
19182017
19182018
19182019
19192010
19192011
19192012
19192013
19192014
19192015
19192016
19192017
19192018
19192019
