10101980
10101981
10101982
10101983
10101984
10101985
10101986
10101987
10101988
10101989
10111980
10111981
10111982
10111983
10111984
10111985
10111986
10111987
10111988
10111989
10121980
10121981
10121982
10121983
10121984
10121985
10121986
10121987
10121988
10121989
10131980
10131981
10131982
10131983
10131984
10131985
10131986
10131987
10131988
10131989
10141980
10141981
10141982
10141983
10141984
10141985
10141986
10141987
10141988
10141989
10151980
10151981
10151982
10151983
10151984
10151985
10151986
10151987
10151988
10151989
10161980
10161981
10161982
10161983
10161984
10161985
10161986
10161987
10161988
10161989
10171980
10171981
10171982
10171983
10171984
10171985
10171986
10171987
10171988
10171989
10181980
10181981
10181982
10181983
10181984
10181985
10181986
10181987
10181988
10181989
10191980
10191981
10191982
10191983
10191984
10191985
10191986
10191987
10191988
10191989
11101980
11101981
11101982
11101983
11101984
11101985
11101986
11101987
11101988
11101989
11111980
11111981
11111982
11111983
11111984
11111985
11111986
11111987
11111988
11111989
11121980
11121981
11121982
11121983
11121984
11121985
11121986
11121987
11121988
11121989
11131980
11131981
11131982
11131983
11131984
11131985
11131986
11131987
11131988
11131989
11141980
11141981
11141982
11141983
11141984
11141985
11141986
11141987
11141988
11141989
11151980
11151981
11151982
11151983
11151984
11151985
11151986
11151987
11151988
11151989
11161980
11161981
11161982
11161983
11161984
11161985
11161986
11161987
11161988
11161989
11171980
11171981
11171982
11171983
11171984
11171985
11171986
11171987
11171988
11171989
11181980
11181981
11181982
11181983
11181984
11181985
11181986
11181987
11181988
11181989
11191980
11191981
11191982
11191983
11191984
11191985
11191986
11191987
11191988
11191989
12101980
12101981
12101982
12101983
12101984
12101985
12101986
12101987
12101988
12101989
12111980
12111981
12111982
12111983
12111984
12111985
12111986
12111987
12111988
12111989
12121980
12121981
12121982
12121983
12121984
12121985
12121986
12121987
12121988
12121989
12131980
12131981
12131982
12131983
12131984
12131985
12131986
12131987
12131988
12131989
12141980
12141981
12141982
12141983
12141984
12141985
12141986
12141987
12141988
12141989
12151980
12151981
12151982
12151983
12151984
12151985
12151986
12151987
12151988
12151989
12161980
12161981
12161982
12161983
12161984
12161985
12161986
12161987
12161988
12161989
12171980
12171981
12171982
12171983
12171984
12171985
12171986
12171987
12171988
12171989
12181980
12181981
12181982
12181983
12181984
12181985
12181986
12181987
12181988
12181989
12191980
12191981
12191982
12191983
12191984
12191985
12191986
12191987
12191988
12191989
13101980
13101981
13101982
13101983
13101984
13101985
13101986
13101987
13101988
13101989
13111980
13111981
13111982
13111983
13111984
13111985
13111986
13111987
13111988
13111989
13121980
13121981
13121982
13121983
13121984
13121985
13121986
13121987
13121988
13121989
13131980
13131981
13131982
13131983
13131984
13131985
13131986
13131987
13131988
13131989
13141980
13141981
13141982
13141983
13141984
13141985
13141986
13141987
13141988
13141989
13151980
13151981
13151982
13151983
13151984
13151985
13151986
13151987
13151988
13151989
13161980
13161981
13161982
13161983
13161984
13161985
13161986
13161987
13161988
13161989
13171980
13171981
13171982
13171983
13171984
13171985
13171986
13171987
13171988
13171989
13181980
13181981
13181982
13181983
13181984
13181985
13181986
13181987
13181988
13181989
13191980
13191981
13191982
13191983
13191984
13191985
13191986
13191987
13191988
13191989
14101980
14101981
14101982
14101983
14101984
14101985
14101986
14101987
14101988
14101989
14111980
14111981
14111982
14111983
14111984
14111985
14111986
14111987
14111988
14111989
14121980
14121981
14121982
14121983
14121984
14121985
14121986
14121987
14121988
14121989
14131980
14131981
14131982
14131983
14131984
14131985
14131986
14131987
14131988
14131989
14141980
14141981
14141982
14141983
14141984
14141985
14141986
14141987
14141988
14141989
14151980
14151981
14151982
14151983
14151984
14151985
14151986
14151987
14151988
14151989
14161980
14161981
14161982
14161983
14161984
14161985
14161986
14161987
14161988
14161989
14171980
14171981
14171982
14171983
14171984
14171985
14171986
14171987
14171988
14171989
14181980
14181981
14181982
14181983
14181984
14181985
14181986
14181987
14181988
14181989
14191980
14191981
14191982
14191983
14191984
14191985
14191986
14191987
14191988
14191989
15101980
15101981
15101982
15101983
15101984
15101985
15101986
15101987
15101988
15101989
15111980
15111981
15111982
15111983
15111984
15111985
15111986
15111987
15111988
15111989
15121980
15121981
15121982
15121983
15121984
15121985
15121986
15121987
15121988
15121989
15131980
15131981
15131982
15131983
15131984
15131985
15131986
15131987
15131988
15131989
15141980
15141981
15141982
15141983
15141984
15141985
15141986
15141987
15141988
15141989
15151980
15151981
15151982
15151983
15151984
15151985
15151986
15151987
15151988
15151989
15161980
15161981
15161982
15161983
15161984
15161985
15161986
15161987
15161988
15161989
15171980
15171981
15171982
15171983
15171984
15171985
15171986
15171987
15171988
15171989
15181980
15181981
15181982
15181983
15181984
15181985
15181986
15181987
15181988
15181989
15191980
15191981
15191982
15191983
15191984
15191985
15191986
15191987
15191988
15191989
16101980
16101981
16101982
16101983
16101984
16101985
16101986
16101987
16101988
16101989
16111980
16111981
16111982
16111983
16111984
16111985
16111986
16111987
16111988
16111989
16121980
16121981
16121982
16121983
16121984
16121985
16121986
16121987
16121988
16121989
16131980
16131981
16131982
16131983
16131984
16131985
16131986
16131987
16131988
16131989
16141980
16141981
16141982
16141983
16141984
16141985
16141986
16141987
16141988
16141989
16151980
16151981
16151982
16151983
16151984
16151985
16151986
16151987
16151988
16151989
16161980
16161981
16161982
16161983
16161984
16161985
16161986
16161987
16161988
16161989
16171980
16171981
16171982
16171983
16171984
16171985
16171986
16171987
16171988
16171989
16181980
16181981
16181982
16181983
16181984
16181985
16181986
16181987
16181988
16181989
16191980
16191981
16191982
16191983
16191984
16191985
16191986
16191987
16191988
16191989
17101980
17101981
17101982
17101983
17101984
17101985
17101986
17101987
17101988
17101989
17111980
17111981
17111982
17111983
17111984
17111985
17111986
17111987
17111988
17111989
17121980
17121981
17121982
17121983
17121984
17121985
17121986
17121987
17121988
17121989
17131980
17131981
17131982
17131983
17131984
17131985
17131986
17131987
17131988
17131989
17141980
17141981
17141982
17141983
17141984
17141985
17141986
17141987
17141988
17141989
17151980
17151981
17151982
17151983
17151984
17151985
17151986
17151987
17151988
17151989
17161980
17161981
17161982
17161983
17161984
17161985
17161986
17161987
17161988
17161989
17171980
17171981
17171982
17171983
17171984
17171985
17171986
17171987
17171988
17171989
17181980
17181981
17181982
17181983
17181984
17181985
17181986
17181987
17181988
17181989
17191980
17191981
17191982
17191983
17191984
17191985
17191986
17191987
17191988
17191989
18101980
18101981
18101982
18101983
18101984
18101985
18101986
18101987
18101988
18101989
18111980
18111981
18111982
18111983
18111984
18111985
18111986
18111987
18111988
18111989
18121980
18121981
18121982
18121983
18121984
18121985
18121986
18121987
18121988
18121989
18131980
18131981
18131982
18131983
18131984
18131985
18131986
18131987
18131988
18131989
18141980
18141981
18141982
18141983
18141984
18141985
18141986
18141987
18141988
18141989
18151980
18151981
18151982
18151983
18151984
18151985
18151986
18151987
18151988
18151989
18161980
18161981
18161982
18161983
18161984
18161985
18161986
18161987
18161988
18161989
18171980
18171981
18171982
18171983
18171984
18171985
18171986
18171987
18171988
18171989
18181980
18181981
18181982
18181983
18181984
18181985
18181986
18181987
18181988
18181989
18191980
18191981
18191982
18191983
18191984
18191985
18191986
18191987
18191988
18191989
19101980
19101981
19101982
19101983
19101984
19101985
19101986
19101987
19101988
19101989
19111980
19111981
19111982
19111983
19111984
19111985
19111986
19111987
19111988
19111989
19121980
19121981
19121982
19121983
19121984
19121985
19121986
19121987
19121988
19121989
19131980
19131981
19131982
19131983
19131984
19131985
19131986
19131987
19131988
19131989
19141980
19141981
19141982
19141983
19141984
19141985
19141986
19141987
19141988
19141989
19151980
19151981
19151982
19151983
19151984
19151985
19151986
19151987
19151988
19151989
19161980
19161981
19161982
19161983
19161984
19161985
19161986
19161987
19161988
19161989
19171980
19171981
19171982
19171983
19171984
19171985
19171986
19171987
19171988
19171989
19181980
19181981
19181982
19181983
19181984
19181985
19181986
19181987
19181988
19181989
19191980
19191981
19191982
19191983
19191984
19191985
19191986
19191987
19191988
19191989
