20001980
20001981
20001982
20001983
20001984
20001985
20001986
20001987
20001988
20001989
20011980
20011981
20011982
20011983
20011984
20011985
20011986
20011987
20011988
20011989
20021980
20021981
20021982
20021983
20021984
20021985
20021986
20021987
20021988
20021989
20031980
20031981
20031982
20031983
20031984
20031985
20031986
20031987
20031988
20031989
20041980
20041981
20041982
20041983
20041984
20041985
20041986
20041987
20041988
20041989
20051980
20051981
20051982
20051983
20051984
20051985
20051986
20051987
20051988
20051989
20061980
20061981
20061982
20061983
20061984
20061985
20061986
20061987
20061988
20061989
20071980
20071981
20071982
20071983
20071984
20071985
20071986
20071987
20071988
20071989
20081980
20081981
20081982
20081983
20081984
20081985
20081986
20081987
20081988
20081989
20091980
20091981
20091982
20091983
20091984
20091985
20091986
20091987
20091988
20091989
21001980
21001981
21001982
21001983
21001984
21001985
21001986
21001987
21001988
21001989
21011980
21011981
21011982
21011983
21011984
21011985
21011986
21011987
21011988
21011989
21021980
21021981
21021982
21021983
21021984
21021985
21021986
21021987
21021988
21021989
21031980
21031981
21031982
21031983
21031984
21031985
21031986
21031987
21031988
21031989
21041980
21041981
21041982
21041983
21041984
21041985
21041986
21041987
21041988
21041989
21051980
21051981
21051982
21051983
21051984
21051985
21051986
21051987
21051988
21051989
21061980
21061981
21061982
21061983
21061984
21061985
21061986
21061987
21061988
21061989
21071980
21071981
21071982
21071983
21071984
21071985
21071986
21071987
21071988
21071989
21081980
21081981
21081982
21081983
21081984
21081985
21081986
21081987
21081988
21081989
21091980
21091981
21091982
21091983
21091984
21091985
21091986
21091987
21091988
21091989
22001980
22001981
22001982
22001983
22001984
22001985
22001986
22001987
22001988
22001989
22011980
22011981
22011982
22011983
22011984
22011985
22011986
22011987
22011988
22011989
22021980
22021981
22021982
22021983
22021984
22021985
22021986
22021987
22021988
22021989
22031980
22031981
22031982
22031983
22031984
22031985
22031986
22031987
22031988
22031989
22041980
22041981
22041982
22041983
22041984
22041985
22041986
22041987
22041988
22041989
22051980
22051981
22051982
22051983
22051984
22051985
22051986
22051987
22051988
22051989
22061980
22061981
22061982
22061983
22061984
22061985
22061986
22061987
22061988
22061989
22071980
22071981
22071982
22071983
22071984
22071985
22071986
22071987
22071988
22071989
22081980
22081981
22081982
22081983
22081984
22081985
22081986
22081987
22081988
22081989
22091980
22091981
22091982
22091983
22091984
22091985
22091986
22091987
22091988
22091989
23001980
23001981
23001982
23001983
23001984
23001985
23001986
23001987
23001988
23001989
23011980
23011981
23011982
23011983
23011984
23011985
23011986
23011987
23011988
23011989
23021980
23021981
23021982
23021983
23021984
23021985
23021986
23021987
23021988
23021989
23031980
23031981
23031982
23031983
23031984
23031985
23031986
23031987
23031988
23031989
23041980
23041981
23041982
23041983
23041984
23041985
23041986
23041987
23041988
23041989
23051980
23051981
23051982
23051983
23051984
23051985
23051986
23051987
23051988
23051989
23061980
23061981
23061982
23061983
23061984
23061985
23061986
23061987
23061988
23061989
23071980
23071981
23071982
23071983
23071984
23071985
23071986
23071987
23071988
23071989
23081980
23081981
23081982
23081983
23081984
23081985
23081986
23081987
23081988
23081989
23091980
23091981
23091982
23091983
23091984
23091985
23091986
23091987
23091988
23091989
24001980
24001981
24001982
24001983
24001984
24001985
24001986
24001987
24001988
24001989
24011980
24011981
24011982
24011983
24011984
24011985
24011986
24011987
24011988
24011989
24021980
24021981
24021982
24021983
24021984
24021985
24021986
24021987
24021988
24021989
24031980
24031981
24031982
24031983
24031984
24031985
24031986
24031987
24031988
24031989
24041980
24041981
24041982
24041983
24041984
24041985
24041986
24041987
24041988
24041989
24051980
24051981
24051982
24051983
24051984
24051985
24051986
24051987
24051988
24051989
24061980
24061981
24061982
24061983
24061984
24061985
24061986
24061987
24061988
24061989
24071980
24071981
24071982
24071983
24071984
24071985
24071986
24071987
24071988
24071989
24081980
24081981
24081982
24081983
24081984
24081985
24081986
24081987
24081988
24081989
24091980
24091981
24091982
24091983
24091984
24091985
24091986
24091987
24091988
24091989
25001980
25001981
25001982
25001983
25001984
25001985
25001986
25001987
25001988
25001989
25011980
25011981
25011982
25011983
25011984
25011985
25011986
25011987
25011988
25011989
25021980
25021981
25021982
25021983
25021984
25021985
25021986
25021987
25021988
25021989
25031980
25031981
25031982
25031983
25031984
25031985
25031986
25031987
25031988
25031989
25041980
25041981
25041982
25041983
25041984
25041985
25041986
25041987
25041988
25041989
25051980
25051981
25051982
25051983
25051984
25051985
25051986
25051987
25051988
25051989
25061980
25061981
25061982
25061983
25061984
25061985
25061986
25061987
25061988
25061989
25071980
25071981
25071982
25071983
25071984
25071985
25071986
25071987
25071988
25071989
25081980
25081981
25081982
25081983
25081984
25081985
25081986
25081987
25081988
25081989
25091980
25091981
25091982
25091983
25091984
25091985
25091986
25091987
25091988
25091989
26001980
26001981
26001982
26001983
26001984
26001985
26001986
26001987
26001988
26001989
26011980
26011981
26011982
26011983
26011984
26011985
26011986
26011987
26011988
26011989
26021980
26021981
26021982
26021983
26021984
26021985
26021986
26021987
26021988
26021989
26031980
26031981
26031982
26031983
26031984
26031985
26031986
26031987
26031988
26031989
26041980
26041981
26041982
26041983
26041984
26041985
26041986
26041987
26041988
26041989
26051980
26051981
26051982
26051983
26051984
26051985
26051986
26051987
26051988
26051989
26061980
26061981
26061982
26061983
26061984
26061985
26061986
26061987
26061988
26061989
26071980
26071981
26071982
26071983
26071984
26071985
26071986
26071987
26071988
26071989
26081980
26081981
26081982
26081983
26081984
26081985
26081986
26081987
26081988
26081989
26091980
26091981
26091982
26091983
26091984
26091985
26091986
26091987
26091988
26091989
27001980
27001981
27001982
27001983
27001984
27001985
27001986
27001987
27001988
27001989
27011980
27011981
27011982
27011983
27011984
27011985
27011986
27011987
27011988
27011989
27021980
27021981
27021982
27021983
27021984
27021985
27021986
27021987
27021988
27021989
27031980
27031981
27031982
27031983
27031984
27031985
27031986
27031987
27031988
27031989
27041980
27041981
27041982
27041983
27041984
27041985
27041986
27041987
27041988
27041989
27051980
27051981
27051982
27051983
27051984
27051985
27051986
27051987
27051988
27051989
27061980
27061981
27061982
27061983
27061984
27061985
27061986
27061987
27061988
27061989
27071980
27071981
27071982
27071983
27071984
27071985
27071986
27071987
27071988
27071989
27081980
27081981
27081982
27081983
27081984
27081985
27081986
27081987
27081988
27081989
27091980
27091981
27091982
27091983
27091984
27091985
27091986
27091987
27091988
27091989
28001980
28001981
28001982
28001983
28001984
28001985
28001986
28001987
28001988
28001989
28011980
28011981
28011982
28011983
28011984
28011985
28011986
28011987
28011988
28011989
28021980
28021981
28021982
28021983
28021984
28021985
28021986
28021987
28021988
28021989
28031980
28031981
28031982
28031983
28031984
28031985
28031986
28031987
28031988
28031989
28041980
28041981
28041982
28041983
28041984
28041985
28041986
28041987
28041988
28041989
28051980
28051981
28051982
28051983
28051984
28051985
28051986
28051987
28051988
28051989
28061980
28061981
28061982
28061983
28061984
28061985
28061986
28061987
28061988
28061989
28071980
28071981
28071982
28071983
28071984
28071985
28071986
28071987
28071988
28071989
28081980
28081981
28081982
28081983
28081984
28081985
28081986
28081987
28081988
28081989
28091980
28091981
28091982
28091983
28091984
28091985
28091986
28091987
28091988
28091989
29001980
29001981
29001982
29001983
29001984
29001985
29001986
29001987
29001988
29001989
29011980
29011981
29011982
29011983
29011984
29011985
29011986
29011987
29011988
29011989
29021980
29021981
29021982
29021983
29021984
29021985
29021986
29021987
29021988
29021989
29031980
29031981
29031982
29031983
29031984
29031985
29031986
29031987
29031988
29031989
29041980
29041981
29041982
29041983
29041984
29041985
29041986
29041987
29041988
29041989
29051980
29051981
29051982
29051983
29051984
29051985
29051986
29051987
29051988
29051989
29061980
29061981
29061982
29061983
29061984
29061985
29061986
29061987
29061988
29061989
29071980
29071981
29071982
29071983
29071984
29071985
29071986
29071987
29071988
29071989
29081980
29081981
29081982
29081983
29081984
29081985
29081986
29081987
29081988
29081989
29091980
29091981
29091982
29091983
29091984
29091985
29091986
29091987
29091988
29091989
