20001990
20001991
20001992
20001993
20001994
20001995
20001996
20001997
20001998
20001999
20011990
20011991
20011992
20011993
20011994
20011995
20011996
20011997
20011998
20011999
20021990
20021991
20021992
20021993
20021994
20021995
20021996
20021997
20021998
20021999
20031990
20031991
20031992
20031993
20031994
20031995
20031996
20031997
20031998
20031999
20041990
20041991
20041992
20041993
20041994
20041995
20041996
20041997
20041998
20041999
20051990
20051991
20051992
20051993
20051994
20051995
20051996
20051997
20051998
20051999
20061990
20061991
20061992
20061993
20061994
20061995
20061996
20061997
20061998
20061999
20071990
20071991
20071992
20071993
20071994
20071995
20071996
20071997
20071998
20071999
20081990
20081991
20081992
20081993
20081994
20081995
20081996
20081997
20081998
20081999
20091990
20091991
20091992
20091993
20091994
20091995
20091996
20091997
20091998
20091999
21001990
21001991
21001992
21001993
21001994
21001995
21001996
21001997
21001998
21001999
21011990
21011991
21011992
21011993
21011994
21011995
21011996
21011997
21011998
21011999
21021990
21021991
21021992
21021993
21021994
21021995
21021996
21021997
21021998
21021999
21031990
21031991
21031992
21031993
21031994
21031995
21031996
21031997
21031998
21031999
21041990
21041991
21041992
21041993
21041994
21041995
21041996
21041997
21041998
21041999
21051990
21051991
21051992
21051993
21051994
21051995
21051996
21051997
21051998
21051999
21061990
21061991
21061992
21061993
21061994
21061995
21061996
21061997
21061998
21061999
21071990
21071991
21071992
21071993
21071994
21071995
21071996
21071997
21071998
21071999
21081990
21081991
21081992
21081993
21081994
21081995
21081996
21081997
21081998
21081999
21091990
21091991
21091992
21091993
21091994
21091995
21091996
21091997
21091998
21091999
22001990
22001991
22001992
22001993
22001994
22001995
22001996
22001997
22001998
22001999
22011990
22011991
22011992
22011993
22011994
22011995
22011996
22011997
22011998
22011999
22021990
22021991
22021992
22021993
22021994
22021995
22021996
22021997
22021998
22021999
22031990
22031991
22031992
22031993
22031994
22031995
22031996
22031997
22031998
22031999
22041990
22041991
22041992
22041993
22041994
22041995
22041996
22041997
22041998
22041999
22051990
22051991
22051992
22051993
22051994
22051995
22051996
22051997
22051998
22051999
22061990
22061991
22061992
22061993
22061994
22061995
22061996
22061997
22061998
22061999
22071990
22071991
22071992
22071993
22071994
22071995
22071996
22071997
22071998
22071999
22081990
22081991
22081992
22081993
22081994
22081995
22081996
22081997
22081998
22081999
22091990
22091991
22091992
22091993
22091994
22091995
22091996
22091997
22091998
22091999
23001990
23001991
23001992
23001993
23001994
23001995
23001996
23001997
23001998
23001999
23011990
23011991
23011992
23011993
23011994
23011995
23011996
23011997
23011998
23011999
23021990
23021991
23021992
23021993
23021994
23021995
23021996
23021997
23021998
23021999
23031990
23031991
23031992
23031993
23031994
23031995
23031996
23031997
23031998
23031999
23041990
23041991
23041992
23041993
23041994
23041995
23041996
23041997
23041998
23041999
23051990
23051991
23051992
23051993
23051994
23051995
23051996
23051997
23051998
23051999
23061990
23061991
23061992
23061993
23061994
23061995
23061996
23061997
23061998
23061999
23071990
23071991
23071992
23071993
23071994
23071995
23071996
23071997
23071998
23071999
23081990
23081991
23081992
23081993
23081994
23081995
23081996
23081997
23081998
23081999
23091990
23091991
23091992
23091993
23091994
23091995
23091996
23091997
23091998
23091999
24001990
24001991
24001992
24001993
24001994
24001995
24001996
24001997
24001998
24001999
24011990
24011991
24011992
24011993
24011994
24011995
24011996
24011997
24011998
24011999
24021990
24021991
24021992
24021993
24021994
24021995
24021996
24021997
24021998
24021999
24031990
24031991
24031992
24031993
24031994
24031995
24031996
24031997
24031998
24031999
24041990
24041991
24041992
24041993
24041994
24041995
24041996
24041997
24041998
24041999
24051990
24051991
24051992
24051993
24051994
24051995
24051996
24051997
24051998
24051999
24061990
24061991
24061992
24061993
24061994
24061995
24061996
24061997
24061998
24061999
24071990
24071991
24071992
24071993
24071994
24071995
24071996
24071997
24071998
24071999
24081990
24081991
24081992
24081993
24081994
24081995
24081996
24081997
24081998
24081999
24091990
24091991
24091992
24091993
24091994
24091995
24091996
24091997
24091998
24091999
25001990
25001991
25001992
25001993
25001994
25001995
25001996
25001997
25001998
25001999
25011990
25011991
25011992
25011993
25011994
25011995
25011996
25011997
25011998
25011999
25021990
25021991
25021992
25021993
25021994
25021995
25021996
25021997
25021998
25021999
25031990
25031991
25031992
25031993
25031994
25031995
25031996
25031997
25031998
25031999
25041990
25041991
25041992
25041993
25041994
25041995
25041996
25041997
25041998
25041999
25051990
25051991
25051992
25051993
25051994
25051995
25051996
25051997
25051998
25051999
25061990
25061991
25061992
25061993
25061994
25061995
25061996
25061997
25061998
25061999
25071990
25071991
25071992
25071993
25071994
25071995
25071996
25071997
25071998
25071999
25081990
25081991
25081992
25081993
25081994
25081995
25081996
25081997
25081998
25081999
25091990
25091991
25091992
25091993
25091994
25091995
25091996
25091997
25091998
25091999
26001990
26001991
26001992
26001993
26001994
26001995
26001996
26001997
26001998
26001999
26011990
26011991
26011992
26011993
26011994
26011995
26011996
26011997
26011998
26011999
26021990
26021991
26021992
26021993
26021994
26021995
26021996
26021997
26021998
26021999
26031990
26031991
26031992
26031993
26031994
26031995
26031996
26031997
26031998
26031999
26041990
26041991
26041992
26041993
26041994
26041995
26041996
26041997
26041998
26041999
26051990
26051991
26051992
26051993
26051994
26051995
26051996
26051997
26051998
26051999
26061990
26061991
26061992
26061993
26061994
26061995
26061996
26061997
26061998
26061999
26071990
26071991
26071992
26071993
26071994
26071995
26071996
26071997
26071998
26071999
26081990
26081991
26081992
26081993
26081994
26081995
26081996
26081997
26081998
26081999
26091990
26091991
26091992
26091993
26091994
26091995
26091996
26091997
26091998
26091999
27001990
27001991
27001992
27001993
27001994
27001995
27001996
27001997
27001998
27001999
27011990
27011991
27011992
27011993
27011994
27011995
27011996
27011997
27011998
27011999
27021990
27021991
27021992
27021993
27021994
27021995
27021996
27021997
27021998
27021999
27031990
27031991
27031992
27031993
27031994
27031995
27031996
27031997
27031998
27031999
27041990
27041991
27041992
27041993
27041994
27041995
27041996
27041997
27041998
27041999
27051990
27051991
27051992
27051993
27051994
27051995
27051996
27051997
27051998
27051999
27061990
27061991
27061992
27061993
27061994
27061995
27061996
27061997
27061998
27061999
27071990
27071991
27071992
27071993
27071994
27071995
27071996
27071997
27071998
27071999
27081990
27081991
27081992
27081993
27081994
27081995
27081996
27081997
27081998
27081999
27091990
27091991
27091992
27091993
27091994
27091995
27091996
27091997
27091998
27091999
28001990
28001991
28001992
28001993
28001994
28001995
28001996
28001997
28001998
28001999
28011990
28011991
28011992
28011993
28011994
28011995
28011996
28011997
28011998
28011999
28021990
28021991
28021992
28021993
28021994
28021995
28021996
28021997
28021998
28021999
28031990
28031991
28031992
28031993
28031994
28031995
28031996
28031997
28031998
28031999
28041990
28041991
28041992
28041993
28041994
28041995
28041996
28041997
28041998
28041999
28051990
28051991
28051992
28051993
28051994
28051995
28051996
28051997
28051998
28051999
28061990
28061991
28061992
28061993
28061994
28061995
28061996
28061997
28061998
28061999
28071990
28071991
28071992
28071993
28071994
28071995
28071996
28071997
28071998
28071999
28081990
28081991
28081992
28081993
28081994
28081995
28081996
28081997
28081998
28081999
28091990
28091991
28091992
28091993
28091994
28091995
28091996
28091997
28091998
28091999
29001990
29001991
29001992
29001993
29001994
29001995
29001996
29001997
29001998
29001999
29011990
29011991
29011992
29011993
29011994
29011995
29011996
29011997
29011998
29011999
29021990
29021991
29021992
29021993
29021994
29021995
29021996
29021997
29021998
29021999
29031990
29031991
29031992
29031993
29031994
29031995
29031996
29031997
29031998
29031999
29041990
29041991
29041992
29041993
29041994
29041995
29041996
29041997
29041998
29041999
29051990
29051991
29051992
29051993
29051994
29051995
29051996
29051997
29051998
29051999
29061990
29061991
29061992
29061993
29061994
29061995
29061996
29061997
29061998
29061999
29071990
29071991
29071992
29071993
29071994
29071995
29071996
29071997
29071998
29071999
29081990
29081991
29081992
29081993
29081994
29081995
29081996
29081997
29081998
29081999
29091990
29091991
29091992
29091993
29091994
29091995
29091996
29091997
29091998
29091999
