20002010
20002011
20002012
20002013
20002014
20002015
20002016
20002017
20002018
20002019
20012010
20012011
20012012
20012013
20012014
20012015
20012016
20012017
20012018
20012019
20022010
20022011
20022012
20022013
20022014
20022015
20022016
20022017
20022018
20022019
20032010
20032011
20032012
20032013
20032014
20032015
20032016
20032017
20032018
20032019
20042010
20042011
20042012
20042013
20042014
20042015
20042016
20042017
20042018
20042019
20052010
20052011
20052012
20052013
20052014
20052015
20052016
20052017
20052018
20052019
20062010
20062011
20062012
20062013
20062014
20062015
20062016
20062017
20062018
20062019
20072010
20072011
20072012
20072013
20072014
20072015
20072016
20072017
20072018
20072019
20082010
20082011
20082012
20082013
20082014
20082015
20082016
20082017
20082018
20082019
20092010
20092011
20092012
20092013
20092014
20092015
20092016
20092017
20092018
20092019
21002010
21002011
21002012
21002013
21002014
21002015
21002016
21002017
21002018
21002019
21012010
21012011
21012012
21012013
21012014
21012015
21012016
21012017
21012018
21012019
21022010
21022011
21022012
21022013
21022014
21022015
21022016
21022017
21022018
21022019
21032010
21032011
21032012
21032013
21032014
21032015
21032016
21032017
21032018
21032019
21042010
21042011
21042012
21042013
21042014
21042015
21042016
21042017
21042018
21042019
21052010
21052011
21052012
21052013
21052014
21052015
21052016
21052017
21052018
21052019
21062010
21062011
21062012
21062013
21062014
21062015
21062016
21062017
21062018
21062019
21072010
21072011
21072012
21072013
21072014
21072015
21072016
21072017
21072018
21072019
21082010
21082011
21082012
21082013
21082014
21082015
21082016
21082017
21082018
21082019
21092010
21092011
21092012
21092013
21092014
21092015
21092016
21092017
21092018
21092019
22002010
22002011
22002012
22002013
22002014
22002015
22002016
22002017
22002018
22002019
22012010
22012011
22012012
22012013
22012014
22012015
22012016
22012017
22012018
22012019
22022010
22022011
22022012
22022013
22022014
22022015
22022016
22022017
22022018
22022019
22032010
22032011
22032012
22032013
22032014
22032015
22032016
22032017
22032018
22032019
22042010
22042011
22042012
22042013
22042014
22042015
22042016
22042017
22042018
22042019
22052010
22052011
22052012
22052013
22052014
22052015
22052016
22052017
22052018
22052019
22062010
22062011
22062012
22062013
22062014
22062015
22062016
22062017
22062018
22062019
22072010
22072011
22072012
22072013
22072014
22072015
22072016
22072017
22072018
22072019
22082010
22082011
22082012
22082013
22082014
22082015
22082016
22082017
22082018
22082019
22092010
22092011
22092012
22092013
22092014
22092015
22092016
22092017
22092018
22092019
23002010
23002011
23002012
23002013
23002014
23002015
23002016
23002017
23002018
23002019
23012010
23012011
23012012
23012013
23012014
23012015
23012016
23012017
23012018
23012019
23022010
23022011
23022012
23022013
23022014
23022015
23022016
23022017
23022018
23022019
23032010
23032011
23032012
23032013
23032014
23032015
23032016
23032017
23032018
23032019
23042010
23042011
23042012
23042013
23042014
23042015
23042016
23042017
23042018
23042019
23052010
23052011
23052012
23052013
23052014
23052015
23052016
23052017
23052018
23052019
23062010
23062011
23062012
23062013
23062014
23062015
23062016
23062017
23062018
23062019
23072010
23072011
23072012
23072013
23072014
23072015
23072016
23072017
23072018
23072019
23082010
23082011
23082012
23082013
23082014
23082015
23082016
23082017
23082018
23082019
23092010
23092011
23092012
23092013
23092014
23092015
23092016
23092017
23092018
23092019
24002010
24002011
24002012
24002013
24002014
24002015
24002016
24002017
24002018
24002019
24012010
24012011
24012012
24012013
24012014
24012015
24012016
24012017
24012018
24012019
24022010
24022011
24022012
24022013
24022014
24022015
24022016
24022017
24022018
24022019
24032010
24032011
24032012
24032013
24032014
24032015
24032016
24032017
24032018
24032019
24042010
24042011
24042012
24042013
24042014
24042015
24042016
24042017
24042018
24042019
24052010
24052011
24052012
24052013
24052014
24052015
24052016
24052017
24052018
24052019
24062010
24062011
24062012
24062013
24062014
24062015
24062016
24062017
24062018
24062019
24072010
24072011
24072012
24072013
24072014
24072015
24072016
24072017
24072018
24072019
24082010
24082011
24082012
24082013
24082014
24082015
24082016
24082017
24082018
24082019
24092010
24092011
24092012
24092013
24092014
24092015
24092016
24092017
24092018
24092019
25002010
25002011
25002012
25002013
25002014
25002015
25002016
25002017
25002018
25002019
25012010
25012011
25012012
25012013
25012014
25012015
25012016
25012017
25012018
25012019
25022010
25022011
25022012
25022013
25022014
25022015
25022016
25022017
25022018
25022019
25032010
25032011
25032012
25032013
25032014
25032015
25032016
25032017
25032018
25032019
25042010
25042011
25042012
25042013
25042014
25042015
25042016
25042017
25042018
25042019
25052010
25052011
25052012
25052013
25052014
25052015
25052016
25052017
25052018
25052019
25062010
25062011
25062012
25062013
25062014
25062015
25062016
25062017
25062018
25062019
25072010
25072011
25072012
25072013
25072014
25072015
25072016
25072017
25072018
25072019
25082010
25082011
25082012
25082013
25082014
25082015
25082016
25082017
25082018
25082019
25092010
25092011
25092012
25092013
25092014
25092015
25092016
25092017
25092018
25092019
26002010
26002011
26002012
26002013
26002014
26002015
26002016
26002017
26002018
26002019
26012010
26012011
26012012
26012013
26012014
26012015
26012016
26012017
26012018
26012019
26022010
26022011
26022012
26022013
26022014
26022015
26022016
26022017
26022018
26022019
26032010
26032011
26032012
26032013
26032014
26032015
26032016
26032017
26032018
26032019
26042010
26042011
26042012
26042013
26042014
26042015
26042016
26042017
26042018
26042019
26052010
26052011
26052012
26052013
26052014
26052015
26052016
26052017
26052018
26052019
26062010
26062011
26062012
26062013
26062014
26062015
26062016
26062017
26062018
26062019
26072010
26072011
26072012
26072013
26072014
26072015
26072016
26072017
26072018
26072019
26082010
26082011
26082012
26082013
26082014
26082015
26082016
26082017
26082018
26082019
26092010
26092011
26092012
26092013
26092014
26092015
26092016
26092017
26092018
26092019
27002010
27002011
27002012
27002013
27002014
27002015
27002016
27002017
27002018
27002019
27012010
27012011
27012012
27012013
27012014
27012015
27012016
27012017
27012018
27012019
27022010
27022011
27022012
27022013
27022014
27022015
27022016
27022017
27022018
27022019
27032010
27032011
27032012
27032013
27032014
27032015
27032016
27032017
27032018
27032019
27042010
27042011
27042012
27042013
27042014
27042015
27042016
27042017
27042018
27042019
27052010
27052011
27052012
27052013
27052014
27052015
27052016
27052017
27052018
27052019
27062010
27062011
27062012
27062013
27062014
27062015
27062016
27062017
27062018
27062019
27072010
27072011
27072012
27072013
27072014
27072015
27072016
27072017
27072018
27072019
27082010
27082011
27082012
27082013
27082014
27082015
27082016
27082017
27082018
27082019
27092010
27092011
27092012
27092013
27092014
27092015
27092016
27092017
27092018
27092019
28002010
28002011
28002012
28002013
28002014
28002015
28002016
28002017
28002018
28002019
28012010
28012011
28012012
28012013
28012014
28012015
28012016
28012017
28012018
28012019
28022010
28022011
28022012
28022013
28022014
28022015
28022016
28022017
28022018
28022019
28032010
28032011
28032012
28032013
28032014
28032015
28032016
28032017
28032018
28032019
28042010
28042011
28042012
28042013
28042014
28042015
28042016
28042017
28042018
28042019
28052010
28052011
28052012
28052013
28052014
28052015
28052016
28052017
28052018
28052019
28062010
28062011
28062012
28062013
28062014
28062015
28062016
28062017
28062018
28062019
28072010
28072011
28072012
28072013
28072014
28072015
28072016
28072017
28072018
28072019
28082010
28082011
28082012
28082013
28082014
28082015
28082016
28082017
28082018
28082019
28092010
28092011
28092012
28092013
28092014
28092015
28092016
28092017
28092018
28092019
29002010
29002011
29002012
29002013
29002014
29002015
29002016
29002017
29002018
29002019
29012010
29012011
29012012
29012013
29012014
29012015
29012016
29012017
29012018
29012019
29022010
29022011
29022012
29022013
29022014
29022015
29022016
29022017
29022018
29022019
29032010
29032011
29032012
29032013
29032014
29032015
29032016
29032017
29032018
29032019
29042010
29042011
29042012
29042013
29042014
29042015
29042016
29042017
29042018
29042019
29052010
29052011
29052012
29052013
29052014
29052015
29052016
29052017
29052018
29052019
29062010
29062011
29062012
29062013
29062014
29062015
29062016
29062017
29062018
29062019
29072010
29072011
29072012
29072013
29072014
29072015
29072016
29072017
29072018
29072019
29082010
29082011
29082012
29082013
29082014
29082015
29082016
29082017
29082018
29082019
29092010
29092011
29092012
29092013
29092014
29092015
29092016
29092017
29092018
29092019
