20002000
20002001
20002002
20002003
20002004
20002005
20002006
20002007
20002008
20002009
20012000
20012001
20012002
20012003
20012004
20012005
20012006
20012007
20012008
20012009
20022000
20022001
20022002
20022003
20022004
20022005
20022006
20022007
20022008
20022009
20032000
20032001
20032002
20032003
20032004
20032005
20032006
20032007
20032008
20032009
20042000
20042001
20042002
20042003
20042004
20042005
20042006
20042007
20042008
20042009
20052000
20052001
20052002
20052003
20052004
20052005
20052006
20052007
20052008
20052009
20062000
20062001
20062002
20062003
20062004
20062005
20062006
20062007
20062008
20062009
20072000
20072001
20072002
20072003
20072004
20072005
20072006
20072007
20072008
20072009
20082000
20082001
20082002
20082003
20082004
20082005
20082006
20082007
20082008
20082009
20092000
20092001
20092002
20092003
20092004
20092005
20092006
20092007
20092008
20092009
21002000
21002001
21002002
21002003
21002004
21002005
21002006
21002007
21002008
21002009
21012000
21012001
21012002
21012003
21012004
21012005
21012006
21012007
21012008
21012009
21022000
21022001
21022002
21022003
21022004
21022005
21022006
21022007
21022008
21022009
21032000
21032001
21032002
21032003
21032004
21032005
21032006
21032007
21032008
21032009
21042000
21042001
21042002
21042003
21042004
21042005
21042006
21042007
21042008
21042009
21052000
21052001
21052002
21052003
21052004
21052005
21052006
21052007
21052008
21052009
21062000
21062001
21062002
21062003
21062004
21062005
21062006
21062007
21062008
21062009
21072000
21072001
21072002
21072003
21072004
21072005
21072006
21072007
21072008
21072009
21082000
21082001
21082002
21082003
21082004
21082005
21082006
21082007
21082008
21082009
21092000
21092001
21092002
21092003
21092004
21092005
21092006
21092007
21092008
21092009
22002000
22002001
22002002
22002003
22002004
22002005
22002006
22002007
22002008
22002009
22012000
22012001
22012002
22012003
22012004
22012005
22012006
22012007
22012008
22012009
22022000
22022001
22022002
22022003
22022004
22022005
22022006
22022007
22022008
22022009
22032000
22032001
22032002
22032003
22032004
22032005
22032006
22032007
22032008
22032009
22042000
22042001
22042002
22042003
22042004
22042005
22042006
22042007
22042008
22042009
22052000
22052001
22052002
22052003
22052004
22052005
22052006
22052007
22052008
22052009
22062000
22062001
22062002
22062003
22062004
22062005
22062006
22062007
22062008
22062009
22072000
22072001
22072002
22072003
22072004
22072005
22072006
22072007
22072008
22072009
22082000
22082001
22082002
22082003
22082004
22082005
22082006
22082007
22082008
22082009
22092000
22092001
22092002
22092003
22092004
22092005
22092006
22092007
22092008
22092009
23002000
23002001
23002002
23002003
23002004
23002005
23002006
23002007
23002008
23002009
23012000
23012001
23012002
23012003
23012004
23012005
23012006
23012007
23012008
23012009
23022000
23022001
23022002
23022003
23022004
23022005
23022006
23022007
23022008
23022009
23032000
23032001
23032002
23032003
23032004
23032005
23032006
23032007
23032008
23032009
23042000
23042001
23042002
23042003
23042004
23042005
23042006
23042007
23042008
23042009
23052000
23052001
23052002
23052003
23052004
23052005
23052006
23052007
23052008
23052009
23062000
23062001
23062002
23062003
23062004
23062005
23062006
23062007
23062008
23062009
23072000
23072001
23072002
23072003
23072004
23072005
23072006
23072007
23072008
23072009
23082000
23082001
23082002
23082003
23082004
23082005
23082006
23082007
23082008
23082009
23092000
23092001
23092002
23092003
23092004
23092005
23092006
23092007
23092008
23092009
24002000
24002001
24002002
24002003
24002004
24002005
24002006
24002007
24002008
24002009
24012000
24012001
24012002
24012003
24012004
24012005
24012006
24012007
24012008
24012009
24022000
24022001
24022002
24022003
24022004
24022005
24022006
24022007
24022008
24022009
24032000
24032001
24032002
24032003
24032004
24032005
24032006
24032007
24032008
24032009
24042000
24042001
24042002
24042003
24042004
24042005
24042006
24042007
24042008
24042009
24052000
24052001
24052002
24052003
24052004
24052005
24052006
24052007
24052008
24052009
24062000
24062001
24062002
24062003
24062004
24062005
24062006
24062007
24062008
24062009
24072000
24072001
24072002
24072003
24072004
24072005
24072006
24072007
24072008
24072009
24082000
24082001
24082002
24082003
24082004
24082005
24082006
24082007
24082008
24082009
24092000
24092001
24092002
24092003
24092004
24092005
24092006
24092007
24092008
24092009
25002000
25002001
25002002
25002003
25002004
25002005
25002006
25002007
25002008
25002009
25012000
25012001
25012002
25012003
25012004
25012005
25012006
25012007
25012008
25012009
25022000
25022001
25022002
25022003
25022004
25022005
25022006
25022007
25022008
25022009
25032000
25032001
25032002
25032003
25032004
25032005
25032006
25032007
25032008
25032009
25042000
25042001
25042002
25042003
25042004
25042005
25042006
25042007
25042008
25042009
25052000
25052001
25052002
25052003
25052004
25052005
25052006
25052007
25052008
25052009
25062000
25062001
25062002
25062003
25062004
25062005
25062006
25062007
25062008
25062009
25072000
25072001
25072002
25072003
25072004
25072005
25072006
25072007
25072008
25072009
25082000
25082001
25082002
25082003
25082004
25082005
25082006
25082007
25082008
25082009
25092000
25092001
25092002
25092003
25092004
25092005
25092006
25092007
25092008
25092009
26002000
26002001
26002002
26002003
26002004
26002005
26002006
26002007
26002008
26002009
26012000
26012001
26012002
26012003
26012004
26012005
26012006
26012007
26012008
26012009
26022000
26022001
26022002
26022003
26022004
26022005
26022006
26022007
26022008
26022009
26032000
26032001
26032002
26032003
26032004
26032005
26032006
26032007
26032008
26032009
26042000
26042001
26042002
26042003
26042004
26042005
26042006
26042007
26042008
26042009
26052000
26052001
26052002
26052003
26052004
26052005
26052006
26052007
26052008
26052009
26062000
26062001
26062002
26062003
26062004
26062005
26062006
26062007
26062008
26062009
26072000
26072001
26072002
26072003
26072004
26072005
26072006
26072007
26072008
26072009
26082000
26082001
26082002
26082003
26082004
26082005
26082006
26082007
26082008
26082009
26092000
26092001
26092002
26092003
26092004
26092005
26092006
26092007
26092008
26092009
27002000
27002001
27002002
27002003
27002004
27002005
27002006
27002007
27002008
27002009
27012000
27012001
27012002
27012003
27012004
27012005
27012006
27012007
27012008
27012009
27022000
27022001
27022002
27022003
27022004
27022005
27022006
27022007
27022008
27022009
27032000
27032001
27032002
27032003
27032004
27032005
27032006
27032007
27032008
27032009
27042000
27042001
27042002
27042003
27042004
27042005
27042006
27042007
27042008
27042009
27052000
27052001
27052002
27052003
27052004
27052005
27052006
27052007
27052008
27052009
27062000
27062001
27062002
27062003
27062004
27062005
27062006
27062007
27062008
27062009
27072000
27072001
27072002
27072003
27072004
27072005
27072006
27072007
27072008
27072009
27082000
27082001
27082002
27082003
27082004
27082005
27082006
27082007
27082008
27082009
27092000
27092001
27092002
27092003
27092004
27092005
27092006
27092007
27092008
27092009
28002000
28002001
28002002
28002003
28002004
28002005
28002006
28002007
28002008
28002009
28012000
28012001
28012002
28012003
28012004
28012005
28012006
28012007
28012008
28012009
28022000
28022001
28022002
28022003
28022004
28022005
28022006
28022007
28022008
28022009
28032000
28032001
28032002
28032003
28032004
28032005
28032006
28032007
28032008
28032009
28042000
28042001
28042002
28042003
28042004
28042005
28042006
28042007
28042008
28042009
28052000
28052001
28052002
28052003
28052004
28052005
28052006
28052007
28052008
28052009
28062000
28062001
28062002
28062003
28062004
28062005
28062006
28062007
28062008
28062009
28072000
28072001
28072002
28072003
28072004
28072005
28072006
28072007
28072008
28072009
28082000
28082001
28082002
28082003
28082004
28082005
28082006
28082007
28082008
28082009
28092000
28092001
28092002
28092003
28092004
28092005
28092006
28092007
28092008
28092009
29002000
29002001
29002002
29002003
29002004
29002005
29002006
29002007
29002008
29002009
29012000
29012001
29012002
29012003
29012004
29012005
29012006
29012007
29012008
29012009
29022000
29022001
29022002
29022003
29022004
29022005
29022006
29022007
29022008
29022009
29032000
29032001
29032002
29032003
29032004
29032005
29032006
29032007
29032008
29032009
29042000
29042001
29042002
29042003
29042004
29042005
29042006
29042007
29042008
29042009
29052000
29052001
29052002
29052003
29052004
29052005
29052006
29052007
29052008
29052009
29062000
29062001
29062002
29062003
29062004
29062005
29062006
29062007
29062008
29062009
29072000
29072001
29072002
29072003
29072004
29072005
29072006
29072007
29072008
29072009
29082000
29082001
29082002
29082003
29082004
29082005
29082006
29082007
29082008
29082009
29092000
29092001
29092002
29092003
29092004
29092005
29092006
29092007
29092008
29092009
