20101980
20101981
20101982
20101983
20101984
20101985
20101986
20101987
20101988
20101989
20111980
20111981
20111982
20111983
20111984
20111985
20111986
20111987
20111988
20111989
20121980
20121981
20121982
20121983
20121984
20121985
20121986
20121987
20121988
20121989
20131980
20131981
20131982
20131983
20131984
20131985
20131986
20131987
20131988
20131989
20141980
20141981
20141982
20141983
20141984
20141985
20141986
20141987
20141988
20141989
20151980
20151981
20151982
20151983
20151984
20151985
20151986
20151987
20151988
20151989
20161980
20161981
20161982
20161983
20161984
20161985
20161986
20161987
20161988
20161989
20171980
20171981
20171982
20171983
20171984
20171985
20171986
20171987
20171988
20171989
20181980
20181981
20181982
20181983
20181984
20181985
20181986
20181987
20181988
20181989
20191980
20191981
20191982
20191983
20191984
20191985
20191986
20191987
20191988
20191989
21101980
21101981
21101982
21101983
21101984
21101985
21101986
21101987
21101988
21101989
21111980
21111981
21111982
21111983
21111984
21111985
21111986
21111987
21111988
21111989
21121980
21121981
21121982
21121983
21121984
21121985
21121986
21121987
21121988
21121989
21131980
21131981
21131982
21131983
21131984
21131985
21131986
21131987
21131988
21131989
21141980
21141981
21141982
21141983
21141984
21141985
21141986
21141987
21141988
21141989
21151980
21151981
21151982
21151983
21151984
21151985
21151986
21151987
21151988
21151989
21161980
21161981
21161982
21161983
21161984
21161985
21161986
21161987
21161988
21161989
21171980
21171981
21171982
21171983
21171984
21171985
21171986
21171987
21171988
21171989
21181980
21181981
21181982
21181983
21181984
21181985
21181986
21181987
21181988
21181989
21191980
21191981
21191982
21191983
21191984
21191985
21191986
21191987
21191988
21191989
22101980
22101981
22101982
22101983
22101984
22101985
22101986
22101987
22101988
22101989
22111980
22111981
22111982
22111983
22111984
22111985
22111986
22111987
22111988
22111989
22121980
22121981
22121982
22121983
22121984
22121985
22121986
22121987
22121988
22121989
22131980
22131981
22131982
22131983
22131984
22131985
22131986
22131987
22131988
22131989
22141980
22141981
22141982
22141983
22141984
22141985
22141986
22141987
22141988
22141989
22151980
22151981
22151982
22151983
22151984
22151985
22151986
22151987
22151988
22151989
22161980
22161981
22161982
22161983
22161984
22161985
22161986
22161987
22161988
22161989
22171980
22171981
22171982
22171983
22171984
22171985
22171986
22171987
22171988
22171989
22181980
22181981
22181982
22181983
22181984
22181985
22181986
22181987
22181988
22181989
22191980
22191981
22191982
22191983
22191984
22191985
22191986
22191987
22191988
22191989
23101980
23101981
23101982
23101983
23101984
23101985
23101986
23101987
23101988
23101989
23111980
23111981
23111982
23111983
23111984
23111985
23111986
23111987
23111988
23111989
23121980
23121981
23121982
23121983
23121984
23121985
23121986
23121987
23121988
23121989
23131980
23131981
23131982
23131983
23131984
23131985
23131986
23131987
23131988
23131989
23141980
23141981
23141982
23141983
23141984
23141985
23141986
23141987
23141988
23141989
23151980
23151981
23151982
23151983
23151984
23151985
23151986
23151987
23151988
23151989
23161980
23161981
23161982
23161983
23161984
23161985
23161986
23161987
23161988
23161989
23171980
23171981
23171982
23171983
23171984
23171985
23171986
23171987
23171988
23171989
23181980
23181981
23181982
23181983
23181984
23181985
23181986
23181987
23181988
23181989
23191980
23191981
23191982
23191983
23191984
23191985
23191986
23191987
23191988
23191989
24101980
24101981
24101982
24101983
24101984
24101985
24101986
24101987
24101988
24101989
24111980
24111981
24111982
24111983
24111984
24111985
24111986
24111987
24111988
24111989
24121980
24121981
24121982
24121983
24121984
24121985
24121986
24121987
24121988
24121989
24131980
24131981
24131982
24131983
24131984
24131985
24131986
24131987
24131988
24131989
24141980
24141981
24141982
24141983
24141984
24141985
24141986
24141987
24141988
24141989
24151980
24151981
24151982
24151983
24151984
24151985
24151986
24151987
24151988
24151989
24161980
24161981
24161982
24161983
24161984
24161985
24161986
24161987
24161988
24161989
24171980
24171981
24171982
24171983
24171984
24171985
24171986
24171987
24171988
24171989
24181980
24181981
24181982
24181983
24181984
24181985
24181986
24181987
24181988
24181989
24191980
24191981
24191982
24191983
24191984
24191985
24191986
24191987
24191988
24191989
25101980
25101981
25101982
25101983
25101984
25101985
25101986
25101987
25101988
25101989
25111980
25111981
25111982
25111983
25111984
25111985
25111986
25111987
25111988
25111989
25121980
25121981
25121982
25121983
25121984
25121985
25121986
25121987
25121988
25121989
25131980
25131981
25131982
25131983
25131984
25131985
25131986
25131987
25131988
25131989
25141980
25141981
25141982
25141983
25141984
25141985
25141986
25141987
25141988
25141989
25151980
25151981
25151982
25151983
25151984
25151985
25151986
25151987
25151988
25151989
25161980
25161981
25161982
25161983
25161984
25161985
25161986
25161987
25161988
25161989
25171980
25171981
25171982
25171983
25171984
25171985
25171986
25171987
25171988
25171989
25181980
25181981
25181982
25181983
25181984
25181985
25181986
25181987
25181988
25181989
25191980
25191981
25191982
25191983
25191984
25191985
25191986
25191987
25191988
25191989
26101980
26101981
26101982
26101983
26101984
26101985
26101986
26101987
26101988
26101989
26111980
26111981
26111982
26111983
26111984
26111985
26111986
26111987
26111988
26111989
26121980
26121981
26121982
26121983
26121984
26121985
26121986
26121987
26121988
26121989
26131980
26131981
26131982
26131983
26131984
26131985
26131986
26131987
26131988
26131989
26141980
26141981
26141982
26141983
26141984
26141985
26141986
26141987
26141988
26141989
26151980
26151981
26151982
26151983
26151984
26151985
26151986
26151987
26151988
26151989
26161980
26161981
26161982
26161983
26161984
26161985
26161986
26161987
26161988
26161989
26171980
26171981
26171982
26171983
26171984
26171985
26171986
26171987
26171988
26171989
26181980
26181981
26181982
26181983
26181984
26181985
26181986
26181987
26181988
26181989
26191980
26191981
26191982
26191983
26191984
26191985
26191986
26191987
26191988
26191989
27101980
27101981
27101982
27101983
27101984
27101985
27101986
27101987
27101988
27101989
27111980
27111981
27111982
27111983
27111984
27111985
27111986
27111987
27111988
27111989
27121980
27121981
27121982
27121983
27121984
27121985
27121986
27121987
27121988
27121989
27131980
27131981
27131982
27131983
27131984
27131985
27131986
27131987
27131988
27131989
27141980
27141981
27141982
27141983
27141984
27141985
27141986
27141987
27141988
27141989
27151980
27151981
27151982
27151983
27151984
27151985
27151986
27151987
27151988
27151989
27161980
27161981
27161982
27161983
27161984
27161985
27161986
27161987
27161988
27161989
27171980
27171981
27171982
27171983
27171984
27171985
27171986
27171987
27171988
27171989
27181980
27181981
27181982
27181983
27181984
27181985
27181986
27181987
27181988
27181989
27191980
27191981
27191982
27191983
27191984
27191985
27191986
27191987
27191988
27191989
28101980
28101981
28101982
28101983
28101984
28101985
28101986
28101987
28101988
28101989
28111980
28111981
28111982
28111983
28111984
28111985
28111986
28111987
28111988
28111989
28121980
28121981
28121982
28121983
28121984
28121985
28121986
28121987
28121988
28121989
28131980
28131981
28131982
28131983
28131984
28131985
28131986
28131987
28131988
28131989
28141980
28141981
28141982
28141983
28141984
28141985
28141986
28141987
28141988
28141989
28151980
28151981
28151982
28151983
28151984
28151985
28151986
28151987
28151988
28151989
28161980
28161981
28161982
28161983
28161984
28161985
28161986
28161987
28161988
28161989
28171980
28171981
28171982
28171983
28171984
28171985
28171986
28171987
28171988
28171989
28181980
28181981
28181982
28181983
28181984
28181985
28181986
28181987
28181988
28181989
28191980
28191981
28191982
28191983
28191984
28191985
28191986
28191987
28191988
28191989
29101980
29101981
29101982
29101983
29101984
29101985
29101986
29101987
29101988
29101989
29111980
29111981
29111982
29111983
29111984
29111985
29111986
29111987
29111988
29111989
29121980
29121981
29121982
29121983
29121984
29121985
29121986
29121987
29121988
29121989
29131980
29131981
29131982
29131983
29131984
29131985
29131986
29131987
29131988
29131989
29141980
29141981
29141982
29141983
29141984
29141985
29141986
29141987
29141988
29141989
29151980
29151981
29151982
29151983
29151984
29151985
29151986
29151987
29151988
29151989
29161980
29161981
29161982
29161983
29161984
29161985
29161986
29161987
29161988
29161989
29171980
29171981
29171982
29171983
29171984
29171985
29171986
29171987
29171988
29171989
29181980
29181981
29181982
29181983
29181984
29181985
29181986
29181987
29181988
29181989
29191980
29191981
29191982
29191983
29191984
29191985
29191986
29191987
29191988
29191989
