20102000
20102001
20102002
20102003
20102004
20102005
20102006
20102007
20102008
20102009
20112000
20112001
20112002
20112003
20112004
20112005
20112006
20112007
20112008
20112009
20122000
20122001
20122002
20122003
20122004
20122005
20122006
20122007
20122008
20122009
20132000
20132001
20132002
20132003
20132004
20132005
20132006
20132007
20132008
20132009
20142000
20142001
20142002
20142003
20142004
20142005
20142006
20142007
20142008
20142009
20152000
20152001
20152002
20152003
20152004
20152005
20152006
20152007
20152008
20152009
20162000
20162001
20162002
20162003
20162004
20162005
20162006
20162007
20162008
20162009
20172000
20172001
20172002
20172003
20172004
20172005
20172006
20172007
20172008
20172009
20182000
20182001
20182002
20182003
20182004
20182005
20182006
20182007
20182008
20182009
20192000
20192001
20192002
20192003
20192004
20192005
20192006
20192007
20192008
20192009
21102000
21102001
21102002
21102003
21102004
21102005
21102006
21102007
21102008
21102009
21112000
21112001
21112002
21112003
21112004
21112005
21112006
21112007
21112008
21112009
21122000
21122001
21122002
21122003
21122004
21122005
21122006
21122007
21122008
21122009
21132000
21132001
21132002
21132003
21132004
21132005
21132006
21132007
21132008
21132009
21142000
21142001
21142002
21142003
21142004
21142005
21142006
21142007
21142008
21142009
21152000
21152001
21152002
21152003
21152004
21152005
21152006
21152007
21152008
21152009
21162000
21162001
21162002
21162003
21162004
21162005
21162006
21162007
21162008
21162009
21172000
21172001
21172002
21172003
21172004
21172005
21172006
21172007
21172008
21172009
21182000
21182001
21182002
21182003
21182004
21182005
21182006
21182007
21182008
21182009
21192000
21192001
21192002
21192003
21192004
21192005
21192006
21192007
21192008
21192009
22102000
22102001
22102002
22102003
22102004
22102005
22102006
22102007
22102008
22102009
22112000
22112001
22112002
22112003
22112004
22112005
22112006
22112007
22112008
22112009
22122000
22122001
22122002
22122003
22122004
22122005
22122006
22122007
22122008
22122009
22132000
22132001
22132002
22132003
22132004
22132005
22132006
22132007
22132008
22132009
22142000
22142001
22142002
22142003
22142004
22142005
22142006
22142007
22142008
22142009
22152000
22152001
22152002
22152003
22152004
22152005
22152006
22152007
22152008
22152009
22162000
22162001
22162002
22162003
22162004
22162005
22162006
22162007
22162008
22162009
22172000
22172001
22172002
22172003
22172004
22172005
22172006
22172007
22172008
22172009
22182000
22182001
22182002
22182003
22182004
22182005
22182006
22182007
22182008
22182009
22192000
22192001
22192002
22192003
22192004
22192005
22192006
22192007
22192008
22192009
23102000
23102001
23102002
23102003
23102004
23102005
23102006
23102007
23102008
23102009
23112000
23112001
23112002
23112003
23112004
23112005
23112006
23112007
23112008
23112009
23122000
23122001
23122002
23122003
23122004
23122005
23122006
23122007
23122008
23122009
23132000
23132001
23132002
23132003
23132004
23132005
23132006
23132007
23132008
23132009
23142000
23142001
23142002
23142003
23142004
23142005
23142006
23142007
23142008
23142009
23152000
23152001
23152002
23152003
23152004
23152005
23152006
23152007
23152008
23152009
23162000
23162001
23162002
23162003
23162004
23162005
23162006
23162007
23162008
23162009
23172000
23172001
23172002
23172003
23172004
23172005
23172006
23172007
23172008
23172009
23182000
23182001
23182002
23182003
23182004
23182005
23182006
23182007
23182008
23182009
23192000
23192001
23192002
23192003
23192004
23192005
23192006
23192007
23192008
23192009
24102000
24102001
24102002
24102003
24102004
24102005
24102006
24102007
24102008
24102009
24112000
24112001
24112002
24112003
24112004
24112005
24112006
24112007
24112008
24112009
24122000
24122001
24122002
24122003
24122004
24122005
24122006
24122007
24122008
24122009
24132000
24132001
24132002
24132003
24132004
24132005
24132006
24132007
24132008
24132009
24142000
24142001
24142002
24142003
24142004
24142005
24142006
24142007
24142008
24142009
24152000
24152001
24152002
24152003
24152004
24152005
24152006
24152007
24152008
24152009
24162000
24162001
24162002
24162003
24162004
24162005
24162006
24162007
24162008
24162009
24172000
24172001
24172002
24172003
24172004
24172005
24172006
24172007
24172008
24172009
24182000
24182001
24182002
24182003
24182004
24182005
24182006
24182007
24182008
24182009
24192000
24192001
24192002
24192003
24192004
24192005
24192006
24192007
24192008
24192009
25102000
25102001
25102002
25102003
25102004
25102005
25102006
25102007
25102008
25102009
25112000
25112001
25112002
25112003
25112004
25112005
25112006
25112007
25112008
25112009
25122000
25122001
25122002
25122003
25122004
25122005
25122006
25122007
25122008
25122009
25132000
25132001
25132002
25132003
25132004
25132005
25132006
25132007
25132008
25132009
25142000
25142001
25142002
25142003
25142004
25142005
25142006
25142007
25142008
25142009
25152000
25152001
25152002
25152003
25152004
25152005
25152006
25152007
25152008
25152009
25162000
25162001
25162002
25162003
25162004
25162005
25162006
25162007
25162008
25162009
25172000
25172001
25172002
25172003
25172004
25172005
25172006
25172007
25172008
25172009
25182000
25182001
25182002
25182003
25182004
25182005
25182006
25182007
25182008
25182009
25192000
25192001
25192002
25192003
25192004
25192005
25192006
25192007
25192008
25192009
26102000
26102001
26102002
26102003
26102004
26102005
26102006
26102007
26102008
26102009
26112000
26112001
26112002
26112003
26112004
26112005
26112006
26112007
26112008
26112009
26122000
26122001
26122002
26122003
26122004
26122005
26122006
26122007
26122008
26122009
26132000
26132001
26132002
26132003
26132004
26132005
26132006
26132007
26132008
26132009
26142000
26142001
26142002
26142003
26142004
26142005
26142006
26142007
26142008
26142009
26152000
26152001
26152002
26152003
26152004
26152005
26152006
26152007
26152008
26152009
26162000
26162001
26162002
26162003
26162004
26162005
26162006
26162007
26162008
26162009
26172000
26172001
26172002
26172003
26172004
26172005
26172006
26172007
26172008
26172009
26182000
26182001
26182002
26182003
26182004
26182005
26182006
26182007
26182008
26182009
26192000
26192001
26192002
26192003
26192004
26192005
26192006
26192007
26192008
26192009
27102000
27102001
27102002
27102003
27102004
27102005
27102006
27102007
27102008
27102009
27112000
27112001
27112002
27112003
27112004
27112005
27112006
27112007
27112008
27112009
27122000
27122001
27122002
27122003
27122004
27122005
27122006
27122007
27122008
27122009
27132000
27132001
27132002
27132003
27132004
27132005
27132006
27132007
27132008
27132009
27142000
27142001
27142002
27142003
27142004
27142005
27142006
27142007
27142008
27142009
27152000
27152001
27152002
27152003
27152004
27152005
27152006
27152007
27152008
27152009
27162000
27162001
27162002
27162003
27162004
27162005
27162006
27162007
27162008
27162009
27172000
27172001
27172002
27172003
27172004
27172005
27172006
27172007
27172008
27172009
27182000
27182001
27182002
27182003
27182004
27182005
27182006
27182007
27182008
27182009
27192000
27192001
27192002
27192003
27192004
27192005
27192006
27192007
27192008
27192009
28102000
28102001
28102002
28102003
28102004
28102005
28102006
28102007
28102008
28102009
28112000
28112001
28112002
28112003
28112004
28112005
28112006
28112007
28112008
28112009
28122000
28122001
28122002
28122003
28122004
28122005
28122006
28122007
28122008
28122009
28132000
28132001
28132002
28132003
28132004
28132005
28132006
28132007
28132008
28132009
28142000
28142001
28142002
28142003
28142004
28142005
28142006
28142007
28142008
28142009
28152000
28152001
28152002
28152003
28152004
28152005
28152006
28152007
28152008
28152009
28162000
28162001
28162002
28162003
28162004
28162005
28162006
28162007
28162008
28162009
28172000
28172001
28172002
28172003
28172004
28172005
28172006
28172007
28172008
28172009
28182000
28182001
28182002
28182003
28182004
28182005
28182006
28182007
28182008
28182009
28192000
28192001
28192002
28192003
28192004
28192005
28192006
28192007
28192008
28192009
29102000
29102001
29102002
29102003
29102004
29102005
29102006
29102007
29102008
29102009
29112000
29112001
29112002
29112003
29112004
29112005
29112006
29112007
29112008
29112009
29122000
29122001
29122002
29122003
29122004
29122005
29122006
29122007
29122008
29122009
29132000
29132001
29132002
29132003
29132004
29132005
29132006
29132007
29132008
29132009
29142000
29142001
29142002
29142003
29142004
29142005
29142006
29142007
29142008
29142009
29152000
29152001
29152002
29152003
29152004
29152005
29152006
29152007
29152008
29152009
29162000
29162001
29162002
29162003
29162004
29162005
29162006
29162007
29162008
29162009
29172000
29172001
29172002
29172003
29172004
29172005
29172006
29172007
29172008
29172009
29182000
29182001
29182002
29182003
29182004
29182005
29182006
29182007
29182008
29182009
29192000
29192001
29192002
29192003
29192004
29192005
29192006
29192007
29192008
29192009
