20102010
20102011
20102012
20102013
20102014
20102015
20102016
20102017
20102018
20102019
20112010
20112011
20112012
20112013
20112014
20112015
20112016
20112017
20112018
20112019
20122010
20122011
20122012
20122013
20122014
20122015
20122016
20122017
20122018
20122019
20132010
20132011
20132012
20132013
20132014
20132015
20132016
20132017
20132018
20132019
20142010
20142011
20142012
20142013
20142014
20142015
20142016
20142017
20142018
20142019
20152010
20152011
20152012
20152013
20152014
20152015
20152016
20152017
20152018
20152019
20162010
20162011
20162012
20162013
20162014
20162015
20162016
20162017
20162018
20162019
20172010
20172011
20172012
20172013
20172014
20172015
20172016
20172017
20172018
20172019
20182010
20182011
20182012
20182013
20182014
20182015
20182016
20182017
20182018
20182019
20192010
20192011
20192012
20192013
20192014
20192015
20192016
20192017
20192018
20192019
21102010
21102011
21102012
21102013
21102014
21102015
21102016
21102017
21102018
21102019
21112010
21112011
21112012
21112013
21112014
21112015
21112016
21112017
21112018
21112019
21122010
21122011
21122012
21122013
21122014
21122015
21122016
21122017
21122018
21122019
21132010
21132011
21132012
21132013
21132014
21132015
21132016
21132017
21132018
21132019
21142010
21142011
21142012
21142013
21142014
21142015
21142016
21142017
21142018
21142019
21152010
21152011
21152012
21152013
21152014
21152015
21152016
21152017
21152018
21152019
21162010
21162011
21162012
21162013
21162014
21162015
21162016
21162017
21162018
21162019
21172010
21172011
21172012
21172013
21172014
21172015
21172016
21172017
21172018
21172019
21182010
21182011
21182012
21182013
21182014
21182015
21182016
21182017
21182018
21182019
21192010
21192011
21192012
21192013
21192014
21192015
21192016
21192017
21192018
21192019
22102010
22102011
22102012
22102013
22102014
22102015
22102016
22102017
22102018
22102019
22112010
22112011
22112012
22112013
22112014
22112015
22112016
22112017
22112018
22112019
22122010
22122011
22122012
22122013
22122014
22122015
22122016
22122017
22122018
22122019
22132010
22132011
22132012
22132013
22132014
22132015
22132016
22132017
22132018
22132019
22142010
22142011
22142012
22142013
22142014
22142015
22142016
22142017
22142018
22142019
22152010
22152011
22152012
22152013
22152014
22152015
22152016
22152017
22152018
22152019
22162010
22162011
22162012
22162013
22162014
22162015
22162016
22162017
22162018
22162019
22172010
22172011
22172012
22172013
22172014
22172015
22172016
22172017
22172018
22172019
22182010
22182011
22182012
22182013
22182014
22182015
22182016
22182017
22182018
22182019
22192010
22192011
22192012
22192013
22192014
22192015
22192016
22192017
22192018
22192019
23102010
23102011
23102012
23102013
23102014
23102015
23102016
23102017
23102018
23102019
23112010
23112011
23112012
23112013
23112014
23112015
23112016
23112017
23112018
23112019
23122010
23122011
23122012
23122013
23122014
23122015
23122016
23122017
23122018
23122019
23132010
23132011
23132012
23132013
23132014
23132015
23132016
23132017
23132018
23132019
23142010
23142011
23142012
23142013
23142014
23142015
23142016
23142017
23142018
23142019
23152010
23152011
23152012
23152013
23152014
23152015
23152016
23152017
23152018
23152019
23162010
23162011
23162012
23162013
23162014
23162015
23162016
23162017
23162018
23162019
23172010
23172011
23172012
23172013
23172014
23172015
23172016
23172017
23172018
23172019
23182010
23182011
23182012
23182013
23182014
23182015
23182016
23182017
23182018
23182019
23192010
23192011
23192012
23192013
23192014
23192015
23192016
23192017
23192018
23192019
24102010
24102011
24102012
24102013
24102014
24102015
24102016
24102017
24102018
24102019
24112010
24112011
24112012
24112013
24112014
24112015
24112016
24112017
24112018
24112019
24122010
24122011
24122012
24122013
24122014
24122015
24122016
24122017
24122018
24122019
24132010
24132011
24132012
24132013
24132014
24132015
24132016
24132017
24132018
24132019
24142010
24142011
24142012
24142013
24142014
24142015
24142016
24142017
24142018
24142019
24152010
24152011
24152012
24152013
24152014
24152015
24152016
24152017
24152018
24152019
24162010
24162011
24162012
24162013
24162014
24162015
24162016
24162017
24162018
24162019
24172010
24172011
24172012
24172013
24172014
24172015
24172016
24172017
24172018
24172019
24182010
24182011
24182012
24182013
24182014
24182015
24182016
24182017
24182018
24182019
24192010
24192011
24192012
24192013
24192014
24192015
24192016
24192017
24192018
24192019
25102010
25102011
25102012
25102013
25102014
25102015
25102016
25102017
25102018
25102019
25112010
25112011
25112012
25112013
25112014
25112015
25112016
25112017
25112018
25112019
25122010
25122011
25122012
25122013
25122014
25122015
25122016
25122017
25122018
25122019
25132010
25132011
25132012
25132013
25132014
25132015
25132016
25132017
25132018
25132019
25142010
25142011
25142012
25142013
25142014
25142015
25142016
25142017
25142018
25142019
25152010
25152011
25152012
25152013
25152014
25152015
25152016
25152017
25152018
25152019
25162010
25162011
25162012
25162013
25162014
25162015
25162016
25162017
25162018
25162019
25172010
25172011
25172012
25172013
25172014
25172015
25172016
25172017
25172018
25172019
25182010
25182011
25182012
25182013
25182014
25182015
25182016
25182017
25182018
25182019
25192010
25192011
25192012
25192013
25192014
25192015
25192016
25192017
25192018
25192019
26102010
26102011
26102012
26102013
26102014
26102015
26102016
26102017
26102018
26102019
26112010
26112011
26112012
26112013
26112014
26112015
26112016
26112017
26112018
26112019
26122010
26122011
26122012
26122013
26122014
26122015
26122016
26122017
26122018
26122019
26132010
26132011
26132012
26132013
26132014
26132015
26132016
26132017
26132018
26132019
26142010
26142011
26142012
26142013
26142014
26142015
26142016
26142017
26142018
26142019
26152010
26152011
26152012
26152013
26152014
26152015
26152016
26152017
26152018
26152019
26162010
26162011
26162012
26162013
26162014
26162015
26162016
26162017
26162018
26162019
26172010
26172011
26172012
26172013
26172014
26172015
26172016
26172017
26172018
26172019
26182010
26182011
26182012
26182013
26182014
26182015
26182016
26182017
26182018
26182019
26192010
26192011
26192012
26192013
26192014
26192015
26192016
26192017
26192018
26192019
27102010
27102011
27102012
27102013
27102014
27102015
27102016
27102017
27102018
27102019
27112010
27112011
27112012
27112013
27112014
27112015
27112016
27112017
27112018
27112019
27122010
27122011
27122012
27122013
27122014
27122015
27122016
27122017
27122018
27122019
27132010
27132011
27132012
27132013
27132014
27132015
27132016
27132017
27132018
27132019
27142010
27142011
27142012
27142013
27142014
27142015
27142016
27142017
27142018
27142019
27152010
27152011
27152012
27152013
27152014
27152015
27152016
27152017
27152018
27152019
27162010
27162011
27162012
27162013
27162014
27162015
27162016
27162017
27162018
27162019
27172010
27172011
27172012
27172013
27172014
27172015
27172016
27172017
27172018
27172019
27182010
27182011
27182012
27182013
27182014
27182015
27182016
27182017
27182018
27182019
27192010
27192011
27192012
27192013
27192014
27192015
27192016
27192017
27192018
27192019
28102010
28102011
28102012
28102013
28102014
28102015
28102016
28102017
28102018
28102019
28112010
28112011
28112012
28112013
28112014
28112015
28112016
28112017
28112018
28112019
28122010
28122011
28122012
28122013
28122014
28122015
28122016
28122017
28122018
28122019
28132010
28132011
28132012
28132013
28132014
28132015
28132016
28132017
28132018
28132019
28142010
28142011
28142012
28142013
28142014
28142015
28142016
28142017
28142018
28142019
28152010
28152011
28152012
28152013
28152014
28152015
28152016
28152017
28152018
28152019
28162010
28162011
28162012
28162013
28162014
28162015
28162016
28162017
28162018
28162019
28172010
28172011
28172012
28172013
28172014
28172015
28172016
28172017
28172018
28172019
28182010
28182011
28182012
28182013
28182014
28182015
28182016
28182017
28182018
28182019
28192010
28192011
28192012
28192013
28192014
28192015
28192016
28192017
28192018
28192019
29102010
29102011
29102012
29102013
29102014
29102015
29102016
29102017
29102018
29102019
29112010
29112011
29112012
29112013
29112014
29112015
29112016
29112017
29112018
29112019
29122010
29122011
29122012
29122013
29122014
29122015
29122016
29122017
29122018
29122019
29132010
29132011
29132012
29132013
29132014
29132015
29132016
29132017
29132018
29132019
29142010
29142011
29142012
29142013
29142014
29142015
29142016
29142017
29142018
29142019
29152010
29152011
29152012
29152013
29152014
29152015
29152016
29152017
29152018
29152019
29162010
29162011
29162012
29162013
29162014
29162015
29162016
29162017
29162018
29162019
29172010
29172011
29172012
29172013
29172014
29172015
29172016
29172017
29172018
29172019
29182010
29182011
29182012
29182013
29182014
29182015
29182016
29182017
29182018
29182019
29192010
29192011
29192012
29192013
29192014
29192015
29192016
29192017
29192018
29192019
