20101990
20101991
20101992
20101993
20101994
20101995
20101996
20101997
20101998
20101999
20111990
20111991
20111992
20111993
20111994
20111995
20111996
20111997
20111998
20111999
20121990
20121991
20121992
20121993
20121994
20121995
20121996
20121997
20121998
20121999
20131990
20131991
20131992
20131993
20131994
20131995
20131996
20131997
20131998
20131999
20141990
20141991
20141992
20141993
20141994
20141995
20141996
20141997
20141998
20141999
20151990
20151991
20151992
20151993
20151994
20151995
20151996
20151997
20151998
20151999
20161990
20161991
20161992
20161993
20161994
20161995
20161996
20161997
20161998
20161999
20171990
20171991
20171992
20171993
20171994
20171995
20171996
20171997
20171998
20171999
20181990
20181991
20181992
20181993
20181994
20181995
20181996
20181997
20181998
20181999
20191990
20191991
20191992
20191993
20191994
20191995
20191996
20191997
20191998
20191999
21101990
21101991
21101992
21101993
21101994
21101995
21101996
21101997
21101998
21101999
21111990
21111991
21111992
21111993
21111994
21111995
21111996
21111997
21111998
21111999
21121990
21121991
21121992
21121993
21121994
21121995
21121996
21121997
21121998
21121999
21131990
21131991
21131992
21131993
21131994
21131995
21131996
21131997
21131998
21131999
21141990
21141991
21141992
21141993
21141994
21141995
21141996
21141997
21141998
21141999
21151990
21151991
21151992
21151993
21151994
21151995
21151996
21151997
21151998
21151999
21161990
21161991
21161992
21161993
21161994
21161995
21161996
21161997
21161998
21161999
21171990
21171991
21171992
21171993
21171994
21171995
21171996
21171997
21171998
21171999
21181990
21181991
21181992
21181993
21181994
21181995
21181996
21181997
21181998
21181999
21191990
21191991
21191992
21191993
21191994
21191995
21191996
21191997
21191998
21191999
22101990
22101991
22101992
22101993
22101994
22101995
22101996
22101997
22101998
22101999
22111990
22111991
22111992
22111993
22111994
22111995
22111996
22111997
22111998
22111999
22121990
22121991
22121992
22121993
22121994
22121995
22121996
22121997
22121998
22121999
22131990
22131991
22131992
22131993
22131994
22131995
22131996
22131997
22131998
22131999
22141990
22141991
22141992
22141993
22141994
22141995
22141996
22141997
22141998
22141999
22151990
22151991
22151992
22151993
22151994
22151995
22151996
22151997
22151998
22151999
22161990
22161991
22161992
22161993
22161994
22161995
22161996
22161997
22161998
22161999
22171990
22171991
22171992
22171993
22171994
22171995
22171996
22171997
22171998
22171999
22181990
22181991
22181992
22181993
22181994
22181995
22181996
22181997
22181998
22181999
22191990
22191991
22191992
22191993
22191994
22191995
22191996
22191997
22191998
22191999
23101990
23101991
23101992
23101993
23101994
23101995
23101996
23101997
23101998
23101999
23111990
23111991
23111992
23111993
23111994
23111995
23111996
23111997
23111998
23111999
23121990
23121991
23121992
23121993
23121994
23121995
23121996
23121997
23121998
23121999
23131990
23131991
23131992
23131993
23131994
23131995
23131996
23131997
23131998
23131999
23141990
23141991
23141992
23141993
23141994
23141995
23141996
23141997
23141998
23141999
23151990
23151991
23151992
23151993
23151994
23151995
23151996
23151997
23151998
23151999
23161990
23161991
23161992
23161993
23161994
23161995
23161996
23161997
23161998
23161999
23171990
23171991
23171992
23171993
23171994
23171995
23171996
23171997
23171998
23171999
23181990
23181991
23181992
23181993
23181994
23181995
23181996
23181997
23181998
23181999
23191990
23191991
23191992
23191993
23191994
23191995
23191996
23191997
23191998
23191999
24101990
24101991
24101992
24101993
24101994
24101995
24101996
24101997
24101998
24101999
24111990
24111991
24111992
24111993
24111994
24111995
24111996
24111997
24111998
24111999
24121990
24121991
24121992
24121993
24121994
24121995
24121996
24121997
24121998
24121999
24131990
24131991
24131992
24131993
24131994
24131995
24131996
24131997
24131998
24131999
24141990
24141991
24141992
24141993
24141994
24141995
24141996
24141997
24141998
24141999
24151990
24151991
24151992
24151993
24151994
24151995
24151996
24151997
24151998
24151999
24161990
24161991
24161992
24161993
24161994
24161995
24161996
24161997
24161998
24161999
24171990
24171991
24171992
24171993
24171994
24171995
24171996
24171997
24171998
24171999
24181990
24181991
24181992
24181993
24181994
24181995
24181996
24181997
24181998
24181999
24191990
24191991
24191992
24191993
24191994
24191995
24191996
24191997
24191998
24191999
25101990
25101991
25101992
25101993
25101994
25101995
25101996
25101997
25101998
25101999
25111990
25111991
25111992
25111993
25111994
25111995
25111996
25111997
25111998
25111999
25121990
25121991
25121992
25121993
25121994
25121995
25121996
25121997
25121998
25121999
25131990
25131991
25131992
25131993
25131994
25131995
25131996
25131997
25131998
25131999
25141990
25141991
25141992
25141993
25141994
25141995
25141996
25141997
25141998
25141999
25151990
25151991
25151992
25151993
25151994
25151995
25151996
25151997
25151998
25151999
25161990
25161991
25161992
25161993
25161994
25161995
25161996
25161997
25161998
25161999
25171990
25171991
25171992
25171993
25171994
25171995
25171996
25171997
25171998
25171999
25181990
25181991
25181992
25181993
25181994
25181995
25181996
25181997
25181998
25181999
25191990
25191991
25191992
25191993
25191994
25191995
25191996
25191997
25191998
25191999
26101990
26101991
26101992
26101993
26101994
26101995
26101996
26101997
26101998
26101999
26111990
26111991
26111992
26111993
26111994
26111995
26111996
26111997
26111998
26111999
26121990
26121991
26121992
26121993
26121994
26121995
26121996
26121997
26121998
26121999
26131990
26131991
26131992
26131993
26131994
26131995
26131996
26131997
26131998
26131999
26141990
26141991
26141992
26141993
26141994
26141995
26141996
26141997
26141998
26141999
26151990
26151991
26151992
26151993
26151994
26151995
26151996
26151997
26151998
26151999
26161990
26161991
26161992
26161993
26161994
26161995
26161996
26161997
26161998
26161999
26171990
26171991
26171992
26171993
26171994
26171995
26171996
26171997
26171998
26171999
26181990
26181991
26181992
26181993
26181994
26181995
26181996
26181997
26181998
26181999
26191990
26191991
26191992
26191993
26191994
26191995
26191996
26191997
26191998
26191999
27101990
27101991
27101992
27101993
27101994
27101995
27101996
27101997
27101998
27101999
27111990
27111991
27111992
27111993
27111994
27111995
27111996
27111997
27111998
27111999
27121990
27121991
27121992
27121993
27121994
27121995
27121996
27121997
27121998
27121999
27131990
27131991
27131992
27131993
27131994
27131995
27131996
27131997
27131998
27131999
27141990
27141991
27141992
27141993
27141994
27141995
27141996
27141997
27141998
27141999
27151990
27151991
27151992
27151993
27151994
27151995
27151996
27151997
27151998
27151999
27161990
27161991
27161992
27161993
27161994
27161995
27161996
27161997
27161998
27161999
27171990
27171991
27171992
27171993
27171994
27171995
27171996
27171997
27171998
27171999
27181990
27181991
27181992
27181993
27181994
27181995
27181996
27181997
27181998
27181999
27191990
27191991
27191992
27191993
27191994
27191995
27191996
27191997
27191998
27191999
28101990
28101991
28101992
28101993
28101994
28101995
28101996
28101997
28101998
28101999
28111990
28111991
28111992
28111993
28111994
28111995
28111996
28111997
28111998
28111999
28121990
28121991
28121992
28121993
28121994
28121995
28121996
28121997
28121998
28121999
28131990
28131991
28131992
28131993
28131994
28131995
28131996
28131997
28131998
28131999
28141990
28141991
28141992
28141993
28141994
28141995
28141996
28141997
28141998
28141999
28151990
28151991
28151992
28151993
28151994
28151995
28151996
28151997
28151998
28151999
28161990
28161991
28161992
28161993
28161994
28161995
28161996
28161997
28161998
28161999
28171990
28171991
28171992
28171993
28171994
28171995
28171996
28171997
28171998
28171999
28181990
28181991
28181992
28181993
28181994
28181995
28181996
28181997
28181998
28181999
28191990
28191991
28191992
28191993
28191994
28191995
28191996
28191997
28191998
28191999
29101990
29101991
29101992
29101993
29101994
29101995
29101996
29101997
29101998
29101999
29111990
29111991
29111992
29111993
29111994
29111995
29111996
29111997
29111998
29111999
29121990
29121991
29121992
29121993
29121994
29121995
29121996
29121997
29121998
29121999
29131990
29131991
29131992
29131993
29131994
29131995
29131996
29131997
29131998
29131999
29141990
29141991
29141992
29141993
29141994
29141995
29141996
29141997
29141998
29141999
29151990
29151991
29151992
29151993
29151994
29151995
29151996
29151997
29151998
29151999
29161990
29161991
29161992
29161993
29161994
29161995
29161996
29161997
29161998
29161999
29171990
29171991
29171992
29171993
29171994
29171995
29171996
29171997
29171998
29171999
29181990
29181991
29181992
29181993
29181994
29181995
29181996
29181997
29181998
29181999
29191990
29191991
29191992
29191993
29191994
29191995
29191996
29191997
29191998
29191999
