30002010
30002011
30002012
30002013
30002014
30002015
30002016
30002017
30002018
30002019
30012010
30012011
30012012
30012013
30012014
30012015
30012016
30012017
30012018
30012019
30022010
30022011
30022012
30022013
30022014
30022015
30022016
30022017
30022018
30022019
30032010
30032011
30032012
30032013
30032014
30032015
30032016
30032017
30032018
30032019
30042010
30042011
30042012
30042013
30042014
30042015
30042016
30042017
30042018
30042019
30052010
30052011
30052012
30052013
30052014
30052015
30052016
30052017
30052018
30052019
30062010
30062011
30062012
30062013
30062014
30062015
30062016
30062017
30062018
30062019
30072010
30072011
30072012
30072013
30072014
30072015
30072016
30072017
30072018
30072019
30082010
30082011
30082012
30082013
30082014
30082015
30082016
30082017
30082018
30082019
30092010
30092011
30092012
30092013
30092014
30092015
30092016
30092017
30092018
30092019
31002010
31002011
31002012
31002013
31002014
31002015
31002016
31002017
31002018
31002019
31012010
31012011
31012012
31012013
31012014
31012015
31012016
31012017
31012018
31012019
31022010
31022011
31022012
31022013
31022014
31022015
31022016
31022017
31022018
31022019
31032010
31032011
31032012
31032013
31032014
31032015
31032016
31032017
31032018
31032019
31042010
31042011
31042012
31042013
31042014
31042015
31042016
31042017
31042018
31042019
31052010
31052011
31052012
31052013
31052014
31052015
31052016
31052017
31052018
31052019
31062010
31062011
31062012
31062013
31062014
31062015
31062016
31062017
31062018
31062019
31072010
31072011
31072012
31072013
31072014
31072015
31072016
31072017
31072018
31072019
31082010
31082011
31082012
31082013
31082014
31082015
31082016
31082017
31082018
31082019
31092010
31092011
31092012
31092013
31092014
31092015
31092016
31092017
31092018
31092019
32002010
32002011
32002012
32002013
32002014
32002015
32002016
32002017
32002018
32002019
32012010
32012011
32012012
32012013
32012014
32012015
32012016
32012017
32012018
32012019
32022010
32022011
32022012
32022013
32022014
32022015
32022016
32022017
32022018
32022019
32032010
32032011
32032012
32032013
32032014
32032015
32032016
32032017
32032018
32032019
32042010
32042011
32042012
32042013
32042014
32042015
32042016
32042017
32042018
32042019
32052010
32052011
32052012
32052013
32052014
32052015
32052016
32052017
32052018
32052019
32062010
32062011
32062012
32062013
32062014
32062015
32062016
32062017
32062018
32062019
32072010
32072011
32072012
32072013
32072014
32072015
32072016
32072017
32072018
32072019
32082010
32082011
32082012
32082013
32082014
32082015
32082016
32082017
32082018
32082019
32092010
32092011
32092012
32092013
32092014
32092015
32092016
32092017
32092018
32092019
33002010
33002011
33002012
33002013
33002014
33002015
33002016
33002017
33002018
33002019
33012010
33012011
33012012
33012013
33012014
33012015
33012016
33012017
33012018
33012019
33022010
33022011
33022012
33022013
33022014
33022015
33022016
33022017
33022018
33022019
33032010
33032011
33032012
33032013
33032014
33032015
33032016
33032017
33032018
33032019
33042010
33042011
33042012
33042013
33042014
33042015
33042016
33042017
33042018
33042019
33052010
33052011
33052012
33052013
33052014
33052015
33052016
33052017
33052018
33052019
33062010
33062011
33062012
33062013
33062014
33062015
33062016
33062017
33062018
33062019
33072010
33072011
33072012
33072013
33072014
33072015
33072016
33072017
33072018
33072019
33082010
33082011
33082012
33082013
33082014
33082015
33082016
33082017
33082018
33082019
33092010
33092011
33092012
33092013
33092014
33092015
33092016
33092017
33092018
33092019
34002010
34002011
34002012
34002013
34002014
34002015
34002016
34002017
34002018
34002019
34012010
34012011
34012012
34012013
34012014
34012015
34012016
34012017
34012018
34012019
34022010
34022011
34022012
34022013
34022014
34022015
34022016
34022017
34022018
34022019
34032010
34032011
34032012
34032013
34032014
34032015
34032016
34032017
34032018
34032019
34042010
34042011
34042012
34042013
34042014
34042015
34042016
34042017
34042018
34042019
34052010
34052011
34052012
34052013
34052014
34052015
34052016
34052017
34052018
34052019
34062010
34062011
34062012
34062013
34062014
34062015
34062016
34062017
34062018
34062019
34072010
34072011
34072012
34072013
34072014
34072015
34072016
34072017
34072018
34072019
34082010
34082011
34082012
34082013
34082014
34082015
34082016
34082017
34082018
34082019
34092010
34092011
34092012
34092013
34092014
34092015
34092016
34092017
34092018
34092019
35002010
35002011
35002012
35002013
35002014
35002015
35002016
35002017
35002018
35002019
35012010
35012011
35012012
35012013
35012014
35012015
35012016
35012017
35012018
35012019
35022010
35022011
35022012
35022013
35022014
35022015
35022016
35022017
35022018
35022019
35032010
35032011
35032012
35032013
35032014
35032015
35032016
35032017
35032018
35032019
35042010
35042011
35042012
35042013
35042014
35042015
35042016
35042017
35042018
35042019
35052010
35052011
35052012
35052013
35052014
35052015
35052016
35052017
35052018
35052019
35062010
35062011
35062012
35062013
35062014
35062015
35062016
35062017
35062018
35062019
35072010
35072011
35072012
35072013
35072014
35072015
35072016
35072017
35072018
35072019
35082010
35082011
35082012
35082013
35082014
35082015
35082016
35082017
35082018
35082019
35092010
35092011
35092012
35092013
35092014
35092015
35092016
35092017
35092018
35092019
36002010
36002011
36002012
36002013
36002014
36002015
36002016
36002017
36002018
36002019
36012010
36012011
36012012
36012013
36012014
36012015
36012016
36012017
36012018
36012019
36022010
36022011
36022012
36022013
36022014
36022015
36022016
36022017
36022018
36022019
36032010
36032011
36032012
36032013
36032014
36032015
36032016
36032017
36032018
36032019
36042010
36042011
36042012
36042013
36042014
36042015
36042016
36042017
36042018
36042019
36052010
36052011
36052012
36052013
36052014
36052015
36052016
36052017
36052018
36052019
36062010
36062011
36062012
36062013
36062014
36062015
36062016
36062017
36062018
36062019
36072010
36072011
36072012
36072013
36072014
36072015
36072016
36072017
36072018
36072019
36082010
36082011
36082012
36082013
36082014
36082015
36082016
36082017
36082018
36082019
36092010
36092011
36092012
36092013
36092014
36092015
36092016
36092017
36092018
36092019
37002010
37002011
37002012
37002013
37002014
37002015
37002016
37002017
37002018
37002019
37012010
37012011
37012012
37012013
37012014
37012015
37012016
37012017
37012018
37012019
37022010
37022011
37022012
37022013
37022014
37022015
37022016
37022017
37022018
37022019
37032010
37032011
37032012
37032013
37032014
37032015
37032016
37032017
37032018
37032019
37042010
37042011
37042012
37042013
37042014
37042015
37042016
37042017
37042018
37042019
37052010
37052011
37052012
37052013
37052014
37052015
37052016
37052017
37052018
37052019
37062010
37062011
37062012
37062013
37062014
37062015
37062016
37062017
37062018
37062019
37072010
37072011
37072012
37072013
37072014
37072015
37072016
37072017
37072018
37072019
37082010
37082011
37082012
37082013
37082014
37082015
37082016
37082017
37082018
37082019
37092010
37092011
37092012
37092013
37092014
37092015
37092016
37092017
37092018
37092019
38002010
38002011
38002012
38002013
38002014
38002015
38002016
38002017
38002018
38002019
38012010
38012011
38012012
38012013
38012014
38012015
38012016
38012017
38012018
38012019
38022010
38022011
38022012
38022013
38022014
38022015
38022016
38022017
38022018
38022019
38032010
38032011
38032012
38032013
38032014
38032015
38032016
38032017
38032018
38032019
38042010
38042011
38042012
38042013
38042014
38042015
38042016
38042017
38042018
38042019
38052010
38052011
38052012
38052013
38052014
38052015
38052016
38052017
38052018
38052019
38062010
38062011
38062012
38062013
38062014
38062015
38062016
38062017
38062018
38062019
38072010
38072011
38072012
38072013
38072014
38072015
38072016
38072017
38072018
38072019
38082010
38082011
38082012
38082013
38082014
38082015
38082016
38082017
38082018
38082019
38092010
38092011
38092012
38092013
38092014
38092015
38092016
38092017
38092018
38092019
39002010
39002011
39002012
39002013
39002014
39002015
39002016
39002017
39002018
39002019
39012010
39012011
39012012
39012013
39012014
39012015
39012016
39012017
39012018
39012019
39022010
39022011
39022012
39022013
39022014
39022015
39022016
39022017
39022018
39022019
39032010
39032011
39032012
39032013
39032014
39032015
39032016
39032017
39032018
39032019
39042010
39042011
39042012
39042013
39042014
39042015
39042016
39042017
39042018
39042019
39052010
39052011
39052012
39052013
39052014
39052015
39052016
39052017
39052018
39052019
39062010
39062011
39062012
39062013
39062014
39062015
39062016
39062017
39062018
39062019
39072010
39072011
39072012
39072013
39072014
39072015
39072016
39072017
39072018
39072019
39082010
39082011
39082012
39082013
39082014
39082015
39082016
39082017
39082018
39082019
39092010
39092011
39092012
39092013
39092014
39092015
39092016
39092017
39092018
39092019
