30002000
30002001
30002002
30002003
30002004
30002005
30002006
30002007
30002008
30002009
30012000
30012001
30012002
30012003
30012004
30012005
30012006
30012007
30012008
30012009
30022000
30022001
30022002
30022003
30022004
30022005
30022006
30022007
30022008
30022009
30032000
30032001
30032002
30032003
30032004
30032005
30032006
30032007
30032008
30032009
30042000
30042001
30042002
30042003
30042004
30042005
30042006
30042007
30042008
30042009
30052000
30052001
30052002
30052003
30052004
30052005
30052006
30052007
30052008
30052009
30062000
30062001
30062002
30062003
30062004
30062005
30062006
30062007
30062008
30062009
30072000
30072001
30072002
30072003
30072004
30072005
30072006
30072007
30072008
30072009
30082000
30082001
30082002
30082003
30082004
30082005
30082006
30082007
30082008
30082009
30092000
30092001
30092002
30092003
30092004
30092005
30092006
30092007
30092008
30092009
31002000
31002001
31002002
31002003
31002004
31002005
31002006
31002007
31002008
31002009
31012000
31012001
31012002
31012003
31012004
31012005
31012006
31012007
31012008
31012009
31022000
31022001
31022002
31022003
31022004
31022005
31022006
31022007
31022008
31022009
31032000
31032001
31032002
31032003
31032004
31032005
31032006
31032007
31032008
31032009
31042000
31042001
31042002
31042003
31042004
31042005
31042006
31042007
31042008
31042009
31052000
31052001
31052002
31052003
31052004
31052005
31052006
31052007
31052008
31052009
31062000
31062001
31062002
31062003
31062004
31062005
31062006
31062007
31062008
31062009
31072000
31072001
31072002
31072003
31072004
31072005
31072006
31072007
31072008
31072009
31082000
31082001
31082002
31082003
31082004
31082005
31082006
31082007
31082008
31082009
31092000
31092001
31092002
31092003
31092004
31092005
31092006
31092007
31092008
31092009
32002000
32002001
32002002
32002003
32002004
32002005
32002006
32002007
32002008
32002009
32012000
32012001
32012002
32012003
32012004
32012005
32012006
32012007
32012008
32012009
32022000
32022001
32022002
32022003
32022004
32022005
32022006
32022007
32022008
32022009
32032000
32032001
32032002
32032003
32032004
32032005
32032006
32032007
32032008
32032009
32042000
32042001
32042002
32042003
32042004
32042005
32042006
32042007
32042008
32042009
32052000
32052001
32052002
32052003
32052004
32052005
32052006
32052007
32052008
32052009
32062000
32062001
32062002
32062003
32062004
32062005
32062006
32062007
32062008
32062009
32072000
32072001
32072002
32072003
32072004
32072005
32072006
32072007
32072008
32072009
32082000
32082001
32082002
32082003
32082004
32082005
32082006
32082007
32082008
32082009
32092000
32092001
32092002
32092003
32092004
32092005
32092006
32092007
32092008
32092009
33002000
33002001
33002002
33002003
33002004
33002005
33002006
33002007
33002008
33002009
33012000
33012001
33012002
33012003
33012004
33012005
33012006
33012007
33012008
33012009
33022000
33022001
33022002
33022003
33022004
33022005
33022006
33022007
33022008
33022009
33032000
33032001
33032002
33032003
33032004
33032005
33032006
33032007
33032008
33032009
33042000
33042001
33042002
33042003
33042004
33042005
33042006
33042007
33042008
33042009
33052000
33052001
33052002
33052003
33052004
33052005
33052006
33052007
33052008
33052009
33062000
33062001
33062002
33062003
33062004
33062005
33062006
33062007
33062008
33062009
33072000
33072001
33072002
33072003
33072004
33072005
33072006
33072007
33072008
33072009
33082000
33082001
33082002
33082003
33082004
33082005
33082006
33082007
33082008
33082009
33092000
33092001
33092002
33092003
33092004
33092005
33092006
33092007
33092008
33092009
34002000
34002001
34002002
34002003
34002004
34002005
34002006
34002007
34002008
34002009
34012000
34012001
34012002
34012003
34012004
34012005
34012006
34012007
34012008
34012009
34022000
34022001
34022002
34022003
34022004
34022005
34022006
34022007
34022008
34022009
34032000
34032001
34032002
34032003
34032004
34032005
34032006
34032007
34032008
34032009
34042000
34042001
34042002
34042003
34042004
34042005
34042006
34042007
34042008
34042009
34052000
34052001
34052002
34052003
34052004
34052005
34052006
34052007
34052008
34052009
34062000
34062001
34062002
34062003
34062004
34062005
34062006
34062007
34062008
34062009
34072000
34072001
34072002
34072003
34072004
34072005
34072006
34072007
34072008
34072009
34082000
34082001
34082002
34082003
34082004
34082005
34082006
34082007
34082008
34082009
34092000
34092001
34092002
34092003
34092004
34092005
34092006
34092007
34092008
34092009
35002000
35002001
35002002
35002003
35002004
35002005
35002006
35002007
35002008
35002009
35012000
35012001
35012002
35012003
35012004
35012005
35012006
35012007
35012008
35012009
35022000
35022001
35022002
35022003
35022004
35022005
35022006
35022007
35022008
35022009
35032000
35032001
35032002
35032003
35032004
35032005
35032006
35032007
35032008
35032009
35042000
35042001
35042002
35042003
35042004
35042005
35042006
35042007
35042008
35042009
35052000
35052001
35052002
35052003
35052004
35052005
35052006
35052007
35052008
35052009
35062000
35062001
35062002
35062003
35062004
35062005
35062006
35062007
35062008
35062009
35072000
35072001
35072002
35072003
35072004
35072005
35072006
35072007
35072008
35072009
35082000
35082001
35082002
35082003
35082004
35082005
35082006
35082007
35082008
35082009
35092000
35092001
35092002
35092003
35092004
35092005
35092006
35092007
35092008
35092009
36002000
36002001
36002002
36002003
36002004
36002005
36002006
36002007
36002008
36002009
36012000
36012001
36012002
36012003
36012004
36012005
36012006
36012007
36012008
36012009
36022000
36022001
36022002
36022003
36022004
36022005
36022006
36022007
36022008
36022009
36032000
36032001
36032002
36032003
36032004
36032005
36032006
36032007
36032008
36032009
36042000
36042001
36042002
36042003
36042004
36042005
36042006
36042007
36042008
36042009
36052000
36052001
36052002
36052003
36052004
36052005
36052006
36052007
36052008
36052009
36062000
36062001
36062002
36062003
36062004
36062005
36062006
36062007
36062008
36062009
36072000
36072001
36072002
36072003
36072004
36072005
36072006
36072007
36072008
36072009
36082000
36082001
36082002
36082003
36082004
36082005
36082006
36082007
36082008
36082009
36092000
36092001
36092002
36092003
36092004
36092005
36092006
36092007
36092008
36092009
37002000
37002001
37002002
37002003
37002004
37002005
37002006
37002007
37002008
37002009
37012000
37012001
37012002
37012003
37012004
37012005
37012006
37012007
37012008
37012009
37022000
37022001
37022002
37022003
37022004
37022005
37022006
37022007
37022008
37022009
37032000
37032001
37032002
37032003
37032004
37032005
37032006
37032007
37032008
37032009
37042000
37042001
37042002
37042003
37042004
37042005
37042006
37042007
37042008
37042009
37052000
37052001
37052002
37052003
37052004
37052005
37052006
37052007
37052008
37052009
37062000
37062001
37062002
37062003
37062004
37062005
37062006
37062007
37062008
37062009
37072000
37072001
37072002
37072003
37072004
37072005
37072006
37072007
37072008
37072009
37082000
37082001
37082002
37082003
37082004
37082005
37082006
37082007
37082008
37082009
37092000
37092001
37092002
37092003
37092004
37092005
37092006
37092007
37092008
37092009
38002000
38002001
38002002
38002003
38002004
38002005
38002006
38002007
38002008
38002009
38012000
38012001
38012002
38012003
38012004
38012005
38012006
38012007
38012008
38012009
38022000
38022001
38022002
38022003
38022004
38022005
38022006
38022007
38022008
38022009
38032000
38032001
38032002
38032003
38032004
38032005
38032006
38032007
38032008
38032009
38042000
38042001
38042002
38042003
38042004
38042005
38042006
38042007
38042008
38042009
38052000
38052001
38052002
38052003
38052004
38052005
38052006
38052007
38052008
38052009
38062000
38062001
38062002
38062003
38062004
38062005
38062006
38062007
38062008
38062009
38072000
38072001
38072002
38072003
38072004
38072005
38072006
38072007
38072008
38072009
38082000
38082001
38082002
38082003
38082004
38082005
38082006
38082007
38082008
38082009
38092000
38092001
38092002
38092003
38092004
38092005
38092006
38092007
38092008
38092009
39002000
39002001
39002002
39002003
39002004
39002005
39002006
39002007
39002008
39002009
39012000
39012001
39012002
39012003
39012004
39012005
39012006
39012007
39012008
39012009
39022000
39022001
39022002
39022003
39022004
39022005
39022006
39022007
39022008
39022009
39032000
39032001
39032002
39032003
39032004
39032005
39032006
39032007
39032008
39032009
39042000
39042001
39042002
39042003
39042004
39042005
39042006
39042007
39042008
39042009
39052000
39052001
39052002
39052003
39052004
39052005
39052006
39052007
39052008
39052009
39062000
39062001
39062002
39062003
39062004
39062005
39062006
39062007
39062008
39062009
39072000
39072001
39072002
39072003
39072004
39072005
39072006
39072007
39072008
39072009
39082000
39082001
39082002
39082003
39082004
39082005
39082006
39082007
39082008
39082009
39092000
39092001
39092002
39092003
39092004
39092005
39092006
39092007
39092008
39092009
