30001980
30001981
30001982
30001983
30001984
30001985
30001986
30001987
30001988
30001989
30011980
30011981
30011982
30011983
30011984
30011985
30011986
30011987
30011988
30011989
30021980
30021981
30021982
30021983
30021984
30021985
30021986
30021987
30021988
30021989
30031980
30031981
30031982
30031983
30031984
30031985
30031986
30031987
30031988
30031989
30041980
30041981
30041982
30041983
30041984
30041985
30041986
30041987
30041988
30041989
30051980
30051981
30051982
30051983
30051984
30051985
30051986
30051987
30051988
30051989
30061980
30061981
30061982
30061983
30061984
30061985
30061986
30061987
30061988
30061989
30071980
30071981
30071982
30071983
30071984
30071985
30071986
30071987
30071988
30071989
30081980
30081981
30081982
30081983
30081984
30081985
30081986
30081987
30081988
30081989
30091980
30091981
30091982
30091983
30091984
30091985
30091986
30091987
30091988
30091989
31001980
31001981
31001982
31001983
31001984
31001985
31001986
31001987
31001988
31001989
31011980
31011981
31011982
31011983
31011984
31011985
31011986
31011987
31011988
31011989
31021980
31021981
31021982
31021983
31021984
31021985
31021986
31021987
31021988
31021989
31031980
31031981
31031982
31031983
31031984
31031985
31031986
31031987
31031988
31031989
31041980
31041981
31041982
31041983
31041984
31041985
31041986
31041987
31041988
31041989
31051980
31051981
31051982
31051983
31051984
31051985
31051986
31051987
31051988
31051989
31061980
31061981
31061982
31061983
31061984
31061985
31061986
31061987
31061988
31061989
31071980
31071981
31071982
31071983
31071984
31071985
31071986
31071987
31071988
31071989
31081980
31081981
31081982
31081983
31081984
31081985
31081986
31081987
31081988
31081989
31091980
31091981
31091982
31091983
31091984
31091985
31091986
31091987
31091988
31091989
32001980
32001981
32001982
32001983
32001984
32001985
32001986
32001987
32001988
32001989
32011980
32011981
32011982
32011983
32011984
32011985
32011986
32011987
32011988
32011989
32021980
32021981
32021982
32021983
32021984
32021985
32021986
32021987
32021988
32021989
32031980
32031981
32031982
32031983
32031984
32031985
32031986
32031987
32031988
32031989
32041980
32041981
32041982
32041983
32041984
32041985
32041986
32041987
32041988
32041989
32051980
32051981
32051982
32051983
32051984
32051985
32051986
32051987
32051988
32051989
32061980
32061981
32061982
32061983
32061984
32061985
32061986
32061987
32061988
32061989
32071980
32071981
32071982
32071983
32071984
32071985
32071986
32071987
32071988
32071989
32081980
32081981
32081982
32081983
32081984
32081985
32081986
32081987
32081988
32081989
32091980
32091981
32091982
32091983
32091984
32091985
32091986
32091987
32091988
32091989
33001980
33001981
33001982
33001983
33001984
33001985
33001986
33001987
33001988
33001989
33011980
33011981
33011982
33011983
33011984
33011985
33011986
33011987
33011988
33011989
33021980
33021981
33021982
33021983
33021984
33021985
33021986
33021987
33021988
33021989
33031980
33031981
33031982
33031983
33031984
33031985
33031986
33031987
33031988
33031989
33041980
33041981
33041982
33041983
33041984
33041985
33041986
33041987
33041988
33041989
33051980
33051981
33051982
33051983
33051984
33051985
33051986
33051987
33051988
33051989
33061980
33061981
33061982
33061983
33061984
33061985
33061986
33061987
33061988
33061989
33071980
33071981
33071982
33071983
33071984
33071985
33071986
33071987
33071988
33071989
33081980
33081981
33081982
33081983
33081984
33081985
33081986
33081987
33081988
33081989
33091980
33091981
33091982
33091983
33091984
33091985
33091986
33091987
33091988
33091989
34001980
34001981
34001982
34001983
34001984
34001985
34001986
34001987
34001988
34001989
34011980
34011981
34011982
34011983
34011984
34011985
34011986
34011987
34011988
34011989
34021980
34021981
34021982
34021983
34021984
34021985
34021986
34021987
34021988
34021989
34031980
34031981
34031982
34031983
34031984
34031985
34031986
34031987
34031988
34031989
34041980
34041981
34041982
34041983
34041984
34041985
34041986
34041987
34041988
34041989
34051980
34051981
34051982
34051983
34051984
34051985
34051986
34051987
34051988
34051989
34061980
34061981
34061982
34061983
34061984
34061985
34061986
34061987
34061988
34061989
34071980
34071981
34071982
34071983
34071984
34071985
34071986
34071987
34071988
34071989
34081980
34081981
34081982
34081983
34081984
34081985
34081986
34081987
34081988
34081989
34091980
34091981
34091982
34091983
34091984
34091985
34091986
34091987
34091988
34091989
35001980
35001981
35001982
35001983
35001984
35001985
35001986
35001987
35001988
35001989
35011980
35011981
35011982
35011983
35011984
35011985
35011986
35011987
35011988
35011989
35021980
35021981
35021982
35021983
35021984
35021985
35021986
35021987
35021988
35021989
35031980
35031981
35031982
35031983
35031984
35031985
35031986
35031987
35031988
35031989
35041980
35041981
35041982
35041983
35041984
35041985
35041986
35041987
35041988
35041989
35051980
35051981
35051982
35051983
35051984
35051985
35051986
35051987
35051988
35051989
35061980
35061981
35061982
35061983
35061984
35061985
35061986
35061987
35061988
35061989
35071980
35071981
35071982
35071983
35071984
35071985
35071986
35071987
35071988
35071989
35081980
35081981
35081982
35081983
35081984
35081985
35081986
35081987
35081988
35081989
35091980
35091981
35091982
35091983
35091984
35091985
35091986
35091987
35091988
35091989
36001980
36001981
36001982
36001983
36001984
36001985
36001986
36001987
36001988
36001989
36011980
36011981
36011982
36011983
36011984
36011985
36011986
36011987
36011988
36011989
36021980
36021981
36021982
36021983
36021984
36021985
36021986
36021987
36021988
36021989
36031980
36031981
36031982
36031983
36031984
36031985
36031986
36031987
36031988
36031989
36041980
36041981
36041982
36041983
36041984
36041985
36041986
36041987
36041988
36041989
36051980
36051981
36051982
36051983
36051984
36051985
36051986
36051987
36051988
36051989
36061980
36061981
36061982
36061983
36061984
36061985
36061986
36061987
36061988
36061989
36071980
36071981
36071982
36071983
36071984
36071985
36071986
36071987
36071988
36071989
36081980
36081981
36081982
36081983
36081984
36081985
36081986
36081987
36081988
36081989
36091980
36091981
36091982
36091983
36091984
36091985
36091986
36091987
36091988
36091989
37001980
37001981
37001982
37001983
37001984
37001985
37001986
37001987
37001988
37001989
37011980
37011981
37011982
37011983
37011984
37011985
37011986
37011987
37011988
37011989
37021980
37021981
37021982
37021983
37021984
37021985
37021986
37021987
37021988
37021989
37031980
37031981
37031982
37031983
37031984
37031985
37031986
37031987
37031988
37031989
37041980
37041981
37041982
37041983
37041984
37041985
37041986
37041987
37041988
37041989
37051980
37051981
37051982
37051983
37051984
37051985
37051986
37051987
37051988
37051989
37061980
37061981
37061982
37061983
37061984
37061985
37061986
37061987
37061988
37061989
37071980
37071981
37071982
37071983
37071984
37071985
37071986
37071987
37071988
37071989
37081980
37081981
37081982
37081983
37081984
37081985
37081986
37081987
37081988
37081989
37091980
37091981
37091982
37091983
37091984
37091985
37091986
37091987
37091988
37091989
38001980
38001981
38001982
38001983
38001984
38001985
38001986
38001987
38001988
38001989
38011980
38011981
38011982
38011983
38011984
38011985
38011986
38011987
38011988
38011989
38021980
38021981
38021982
38021983
38021984
38021985
38021986
38021987
38021988
38021989
38031980
38031981
38031982
38031983
38031984
38031985
38031986
38031987
38031988
38031989
38041980
38041981
38041982
38041983
38041984
38041985
38041986
38041987
38041988
38041989
38051980
38051981
38051982
38051983
38051984
38051985
38051986
38051987
38051988
38051989
38061980
38061981
38061982
38061983
38061984
38061985
38061986
38061987
38061988
38061989
38071980
38071981
38071982
38071983
38071984
38071985
38071986
38071987
38071988
38071989
38081980
38081981
38081982
38081983
38081984
38081985
38081986
38081987
38081988
38081989
38091980
38091981
38091982
38091983
38091984
38091985
38091986
38091987
38091988
38091989
39001980
39001981
39001982
39001983
39001984
39001985
39001986
39001987
39001988
39001989
39011980
39011981
39011982
39011983
39011984
39011985
39011986
39011987
39011988
39011989
39021980
39021981
39021982
39021983
39021984
39021985
39021986
39021987
39021988
39021989
39031980
39031981
39031982
39031983
39031984
39031985
39031986
39031987
39031988
39031989
39041980
39041981
39041982
39041983
39041984
39041985
39041986
39041987
39041988
39041989
39051980
39051981
39051982
39051983
39051984
39051985
39051986
39051987
39051988
39051989
39061980
39061981
39061982
39061983
39061984
39061985
39061986
39061987
39061988
39061989
39071980
39071981
39071982
39071983
39071984
39071985
39071986
39071987
39071988
39071989
39081980
39081981
39081982
39081983
39081984
39081985
39081986
39081987
39081988
39081989
39091980
39091981
39091982
39091983
39091984
39091985
39091986
39091987
39091988
39091989
