30001990
30001991
30001992
30001993
30001994
30001995
30001996
30001997
30001998
30001999
30011990
30011991
30011992
30011993
30011994
30011995
30011996
30011997
30011998
30011999
30021990
30021991
30021992
30021993
30021994
30021995
30021996
30021997
30021998
30021999
30031990
30031991
30031992
30031993
30031994
30031995
30031996
30031997
30031998
30031999
30041990
30041991
30041992
30041993
30041994
30041995
30041996
30041997
30041998
30041999
30051990
30051991
30051992
30051993
30051994
30051995
30051996
30051997
30051998
30051999
30061990
30061991
30061992
30061993
30061994
30061995
30061996
30061997
30061998
30061999
30071990
30071991
30071992
30071993
30071994
30071995
30071996
30071997
30071998
30071999
30081990
30081991
30081992
30081993
30081994
30081995
30081996
30081997
30081998
30081999
30091990
30091991
30091992
30091993
30091994
30091995
30091996
30091997
30091998
30091999
31001990
31001991
31001992
31001993
31001994
31001995
31001996
31001997
31001998
31001999
31011990
31011991
31011992
31011993
31011994
31011995
31011996
31011997
31011998
31011999
31021990
31021991
31021992
31021993
31021994
31021995
31021996
31021997
31021998
31021999
31031990
31031991
31031992
31031993
31031994
31031995
31031996
31031997
31031998
31031999
31041990
31041991
31041992
31041993
31041994
31041995
31041996
31041997
31041998
31041999
31051990
31051991
31051992
31051993
31051994
31051995
31051996
31051997
31051998
31051999
31061990
31061991
31061992
31061993
31061994
31061995
31061996
31061997
31061998
31061999
31071990
31071991
31071992
31071993
31071994
31071995
31071996
31071997
31071998
31071999
31081990
31081991
31081992
31081993
31081994
31081995
31081996
31081997
31081998
31081999
31091990
31091991
31091992
31091993
31091994
31091995
31091996
31091997
31091998
31091999
32001990
32001991
32001992
32001993
32001994
32001995
32001996
32001997
32001998
32001999
32011990
32011991
32011992
32011993
32011994
32011995
32011996
32011997
32011998
32011999
32021990
32021991
32021992
32021993
32021994
32021995
32021996
32021997
32021998
32021999
32031990
32031991
32031992
32031993
32031994
32031995
32031996
32031997
32031998
32031999
32041990
32041991
32041992
32041993
32041994
32041995
32041996
32041997
32041998
32041999
32051990
32051991
32051992
32051993
32051994
32051995
32051996
32051997
32051998
32051999
32061990
32061991
32061992
32061993
32061994
32061995
32061996
32061997
32061998
32061999
32071990
32071991
32071992
32071993
32071994
32071995
32071996
32071997
32071998
32071999
32081990
32081991
32081992
32081993
32081994
32081995
32081996
32081997
32081998
32081999
32091990
32091991
32091992
32091993
32091994
32091995
32091996
32091997
32091998
32091999
33001990
33001991
33001992
33001993
33001994
33001995
33001996
33001997
33001998
33001999
33011990
33011991
33011992
33011993
33011994
33011995
33011996
33011997
33011998
33011999
33021990
33021991
33021992
33021993
33021994
33021995
33021996
33021997
33021998
33021999
33031990
33031991
33031992
33031993
33031994
33031995
33031996
33031997
33031998
33031999
33041990
33041991
33041992
33041993
33041994
33041995
33041996
33041997
33041998
33041999
33051990
33051991
33051992
33051993
33051994
33051995
33051996
33051997
33051998
33051999
33061990
33061991
33061992
33061993
33061994
33061995
33061996
33061997
33061998
33061999
33071990
33071991
33071992
33071993
33071994
33071995
33071996
33071997
33071998
33071999
33081990
33081991
33081992
33081993
33081994
33081995
33081996
33081997
33081998
33081999
33091990
33091991
33091992
33091993
33091994
33091995
33091996
33091997
33091998
33091999
34001990
34001991
34001992
34001993
34001994
34001995
34001996
34001997
34001998
34001999
34011990
34011991
34011992
34011993
34011994
34011995
34011996
34011997
34011998
34011999
34021990
34021991
34021992
34021993
34021994
34021995
34021996
34021997
34021998
34021999
34031990
34031991
34031992
34031993
34031994
34031995
34031996
34031997
34031998
34031999
34041990
34041991
34041992
34041993
34041994
34041995
34041996
34041997
34041998
34041999
34051990
34051991
34051992
34051993
34051994
34051995
34051996
34051997
34051998
34051999
34061990
34061991
34061992
34061993
34061994
34061995
34061996
34061997
34061998
34061999
34071990
34071991
34071992
34071993
34071994
34071995
34071996
34071997
34071998
34071999
34081990
34081991
34081992
34081993
34081994
34081995
34081996
34081997
34081998
34081999
34091990
34091991
34091992
34091993
34091994
34091995
34091996
34091997
34091998
34091999
35001990
35001991
35001992
35001993
35001994
35001995
35001996
35001997
35001998
35001999
35011990
35011991
35011992
35011993
35011994
35011995
35011996
35011997
35011998
35011999
35021990
35021991
35021992
35021993
35021994
35021995
35021996
35021997
35021998
35021999
35031990
35031991
35031992
35031993
35031994
35031995
35031996
35031997
35031998
35031999
35041990
35041991
35041992
35041993
35041994
35041995
35041996
35041997
35041998
35041999
35051990
35051991
35051992
35051993
35051994
35051995
35051996
35051997
35051998
35051999
35061990
35061991
35061992
35061993
35061994
35061995
35061996
35061997
35061998
35061999
35071990
35071991
35071992
35071993
35071994
35071995
35071996
35071997
35071998
35071999
35081990
35081991
35081992
35081993
35081994
35081995
35081996
35081997
35081998
35081999
35091990
35091991
35091992
35091993
35091994
35091995
35091996
35091997
35091998
35091999
36001990
36001991
36001992
36001993
36001994
36001995
36001996
36001997
36001998
36001999
36011990
36011991
36011992
36011993
36011994
36011995
36011996
36011997
36011998
36011999
36021990
36021991
36021992
36021993
36021994
36021995
36021996
36021997
36021998
36021999
36031990
36031991
36031992
36031993
36031994
36031995
36031996
36031997
36031998
36031999
36041990
36041991
36041992
36041993
36041994
36041995
36041996
36041997
36041998
36041999
36051990
36051991
36051992
36051993
36051994
36051995
36051996
36051997
36051998
36051999
36061990
36061991
36061992
36061993
36061994
36061995
36061996
36061997
36061998
36061999
36071990
36071991
36071992
36071993
36071994
36071995
36071996
36071997
36071998
36071999
36081990
36081991
36081992
36081993
36081994
36081995
36081996
36081997
36081998
36081999
36091990
36091991
36091992
36091993
36091994
36091995
36091996
36091997
36091998
36091999
37001990
37001991
37001992
37001993
37001994
37001995
37001996
37001997
37001998
37001999
37011990
37011991
37011992
37011993
37011994
37011995
37011996
37011997
37011998
37011999
37021990
37021991
37021992
37021993
37021994
37021995
37021996
37021997
37021998
37021999
37031990
37031991
37031992
37031993
37031994
37031995
37031996
37031997
37031998
37031999
37041990
37041991
37041992
37041993
37041994
37041995
37041996
37041997
37041998
37041999
37051990
37051991
37051992
37051993
37051994
37051995
37051996
37051997
37051998
37051999
37061990
37061991
37061992
37061993
37061994
37061995
37061996
37061997
37061998
37061999
37071990
37071991
37071992
37071993
37071994
37071995
37071996
37071997
37071998
37071999
37081990
37081991
37081992
37081993
37081994
37081995
37081996
37081997
37081998
37081999
37091990
37091991
37091992
37091993
37091994
37091995
37091996
37091997
37091998
37091999
38001990
38001991
38001992
38001993
38001994
38001995
38001996
38001997
38001998
38001999
38011990
38011991
38011992
38011993
38011994
38011995
38011996
38011997
38011998
38011999
38021990
38021991
38021992
38021993
38021994
38021995
38021996
38021997
38021998
38021999
38031990
38031991
38031992
38031993
38031994
38031995
38031996
38031997
38031998
38031999
38041990
38041991
38041992
38041993
38041994
38041995
38041996
38041997
38041998
38041999
38051990
38051991
38051992
38051993
38051994
38051995
38051996
38051997
38051998
38051999
38061990
38061991
38061992
38061993
38061994
38061995
38061996
38061997
38061998
38061999
38071990
38071991
38071992
38071993
38071994
38071995
38071996
38071997
38071998
38071999
38081990
38081991
38081992
38081993
38081994
38081995
38081996
38081997
38081998
38081999
38091990
38091991
38091992
38091993
38091994
38091995
38091996
38091997
38091998
38091999
39001990
39001991
39001992
39001993
39001994
39001995
39001996
39001997
39001998
39001999
39011990
39011991
39011992
39011993
39011994
39011995
39011996
39011997
39011998
39011999
39021990
39021991
39021992
39021993
39021994
39021995
39021996
39021997
39021998
39021999
39031990
39031991
39031992
39031993
39031994
39031995
39031996
39031997
39031998
39031999
39041990
39041991
39041992
39041993
39041994
39041995
39041996
39041997
39041998
39041999
39051990
39051991
39051992
39051993
39051994
39051995
39051996
39051997
39051998
39051999
39061990
39061991
39061992
39061993
39061994
39061995
39061996
39061997
39061998
39061999
39071990
39071991
39071992
39071993
39071994
39071995
39071996
39071997
39071998
39071999
39081990
39081991
39081992
39081993
39081994
39081995
39081996
39081997
39081998
39081999
39091990
39091991
39091992
39091993
39091994
39091995
39091996
39091997
39091998
39091999
