30101980
30101981
30101982
30101983
30101984
30101985
30101986
30101987
30101988
30101989
30111980
30111981
30111982
30111983
30111984
30111985
30111986
30111987
30111988
30111989
30121980
30121981
30121982
30121983
30121984
30121985
30121986
30121987
30121988
30121989
30131980
30131981
30131982
30131983
30131984
30131985
30131986
30131987
30131988
30131989
30141980
30141981
30141982
30141983
30141984
30141985
30141986
30141987
30141988
30141989
30151980
30151981
30151982
30151983
30151984
30151985
30151986
30151987
30151988
30151989
30161980
30161981
30161982
30161983
30161984
30161985
30161986
30161987
30161988
30161989
30171980
30171981
30171982
30171983
30171984
30171985
30171986
30171987
30171988
30171989
30181980
30181981
30181982
30181983
30181984
30181985
30181986
30181987
30181988
30181989
30191980
30191981
30191982
30191983
30191984
30191985
30191986
30191987
30191988
30191989
31101980
31101981
31101982
31101983
31101984
31101985
31101986
31101987
31101988
31101989
31111980
31111981
31111982
31111983
31111984
31111985
31111986
31111987
31111988
31111989
31121980
31121981
31121982
31121983
31121984
31121985
31121986
31121987
31121988
31121989
31131980
31131981
31131982
31131983
31131984
31131985
31131986
31131987
31131988
31131989
31141980
31141981
31141982
31141983
31141984
31141985
31141986
31141987
31141988
31141989
31151980
31151981
31151982
31151983
31151984
31151985
31151986
31151987
31151988
31151989
31161980
31161981
31161982
31161983
31161984
31161985
31161986
31161987
31161988
31161989
31171980
31171981
31171982
31171983
31171984
31171985
31171986
31171987
31171988
31171989
31181980
31181981
31181982
31181983
31181984
31181985
31181986
31181987
31181988
31181989
31191980
31191981
31191982
31191983
31191984
31191985
31191986
31191987
31191988
31191989
32101980
32101981
32101982
32101983
32101984
32101985
32101986
32101987
32101988
32101989
32111980
32111981
32111982
32111983
32111984
32111985
32111986
32111987
32111988
32111989
32121980
32121981
32121982
32121983
32121984
32121985
32121986
32121987
32121988
32121989
32131980
32131981
32131982
32131983
32131984
32131985
32131986
32131987
32131988
32131989
32141980
32141981
32141982
32141983
32141984
32141985
32141986
32141987
32141988
32141989
32151980
32151981
32151982
32151983
32151984
32151985
32151986
32151987
32151988
32151989
32161980
32161981
32161982
32161983
32161984
32161985
32161986
32161987
32161988
32161989
32171980
32171981
32171982
32171983
32171984
32171985
32171986
32171987
32171988
32171989
32181980
32181981
32181982
32181983
32181984
32181985
32181986
32181987
32181988
32181989
32191980
32191981
32191982
32191983
32191984
32191985
32191986
32191987
32191988
32191989
33101980
33101981
33101982
33101983
33101984
33101985
33101986
33101987
33101988
33101989
33111980
33111981
33111982
33111983
33111984
33111985
33111986
33111987
33111988
33111989
33121980
33121981
33121982
33121983
33121984
33121985
33121986
33121987
33121988
33121989
33131980
33131981
33131982
33131983
33131984
33131985
33131986
33131987
33131988
33131989
33141980
33141981
33141982
33141983
33141984
33141985
33141986
33141987
33141988
33141989
33151980
33151981
33151982
33151983
33151984
33151985
33151986
33151987
33151988
33151989
33161980
33161981
33161982
33161983
33161984
33161985
33161986
33161987
33161988
33161989
33171980
33171981
33171982
33171983
33171984
33171985
33171986
33171987
33171988
33171989
33181980
33181981
33181982
33181983
33181984
33181985
33181986
33181987
33181988
33181989
33191980
33191981
33191982
33191983
33191984
33191985
33191986
33191987
33191988
33191989
34101980
34101981
34101982
34101983
34101984
34101985
34101986
34101987
34101988
34101989
34111980
34111981
34111982
34111983
34111984
34111985
34111986
34111987
34111988
34111989
34121980
34121981
34121982
34121983
34121984
34121985
34121986
34121987
34121988
34121989
34131980
34131981
34131982
34131983
34131984
34131985
34131986
34131987
34131988
34131989
34141980
34141981
34141982
34141983
34141984
34141985
34141986
34141987
34141988
34141989
34151980
34151981
34151982
34151983
34151984
34151985
34151986
34151987
34151988
34151989
34161980
34161981
34161982
34161983
34161984
34161985
34161986
34161987
34161988
34161989
34171980
34171981
34171982
34171983
34171984
34171985
34171986
34171987
34171988
34171989
34181980
34181981
34181982
34181983
34181984
34181985
34181986
34181987
34181988
34181989
34191980
34191981
34191982
34191983
34191984
34191985
34191986
34191987
34191988
34191989
35101980
35101981
35101982
35101983
35101984
35101985
35101986
35101987
35101988
35101989
35111980
35111981
35111982
35111983
35111984
35111985
35111986
35111987
35111988
35111989
35121980
35121981
35121982
35121983
35121984
35121985
35121986
35121987
35121988
35121989
35131980
35131981
35131982
35131983
35131984
35131985
35131986
35131987
35131988
35131989
35141980
35141981
35141982
35141983
35141984
35141985
35141986
35141987
35141988
35141989
35151980
35151981
35151982
35151983
35151984
35151985
35151986
35151987
35151988
35151989
35161980
35161981
35161982
35161983
35161984
35161985
35161986
35161987
35161988
35161989
35171980
35171981
35171982
35171983
35171984
35171985
35171986
35171987
35171988
35171989
35181980
35181981
35181982
35181983
35181984
35181985
35181986
35181987
35181988
35181989
35191980
35191981
35191982
35191983
35191984
35191985
35191986
35191987
35191988
35191989
36101980
36101981
36101982
36101983
36101984
36101985
36101986
36101987
36101988
36101989
36111980
36111981
36111982
36111983
36111984
36111985
36111986
36111987
36111988
36111989
36121980
36121981
36121982
36121983
36121984
36121985
36121986
36121987
36121988
36121989
36131980
36131981
36131982
36131983
36131984
36131985
36131986
36131987
36131988
36131989
36141980
36141981
36141982
36141983
36141984
36141985
36141986
36141987
36141988
36141989
36151980
36151981
36151982
36151983
36151984
36151985
36151986
36151987
36151988
36151989
36161980
36161981
36161982
36161983
36161984
36161985
36161986
36161987
36161988
36161989
36171980
36171981
36171982
36171983
36171984
36171985
36171986
36171987
36171988
36171989
36181980
36181981
36181982
36181983
36181984
36181985
36181986
36181987
36181988
36181989
36191980
36191981
36191982
36191983
36191984
36191985
36191986
36191987
36191988
36191989
37101980
37101981
37101982
37101983
37101984
37101985
37101986
37101987
37101988
37101989
37111980
37111981
37111982
37111983
37111984
37111985
37111986
37111987
37111988
37111989
37121980
37121981
37121982
37121983
37121984
37121985
37121986
37121987
37121988
37121989
37131980
37131981
37131982
37131983
37131984
37131985
37131986
37131987
37131988
37131989
37141980
37141981
37141982
37141983
37141984
37141985
37141986
37141987
37141988
37141989
37151980
37151981
37151982
37151983
37151984
37151985
37151986
37151987
37151988
37151989
37161980
37161981
37161982
37161983
37161984
37161985
37161986
37161987
37161988
37161989
37171980
37171981
37171982
37171983
37171984
37171985
37171986
37171987
37171988
37171989
37181980
37181981
37181982
37181983
37181984
37181985
37181986
37181987
37181988
37181989
37191980
37191981
37191982
37191983
37191984
37191985
37191986
37191987
37191988
37191989
38101980
38101981
38101982
38101983
38101984
38101985
38101986
38101987
38101988
38101989
38111980
38111981
38111982
38111983
38111984
38111985
38111986
38111987
38111988
38111989
38121980
38121981
38121982
38121983
38121984
38121985
38121986
38121987
38121988
38121989
38131980
38131981
38131982
38131983
38131984
38131985
38131986
38131987
38131988
38131989
38141980
38141981
38141982
38141983
38141984
38141985
38141986
38141987
38141988
38141989
38151980
38151981
38151982
38151983
38151984
38151985
38151986
38151987
38151988
38151989
38161980
38161981
38161982
38161983
38161984
38161985
38161986
38161987
38161988
38161989
38171980
38171981
38171982
38171983
38171984
38171985
38171986
38171987
38171988
38171989
38181980
38181981
38181982
38181983
38181984
38181985
38181986
38181987
38181988
38181989
38191980
38191981
38191982
38191983
38191984
38191985
38191986
38191987
38191988
38191989
39101980
39101981
39101982
39101983
39101984
39101985
39101986
39101987
39101988
39101989
39111980
39111981
39111982
39111983
39111984
39111985
39111986
39111987
39111988
39111989
39121980
39121981
39121982
39121983
39121984
39121985
39121986
39121987
39121988
39121989
39131980
39131981
39131982
39131983
39131984
39131985
39131986
39131987
39131988
39131989
39141980
39141981
39141982
39141983
39141984
39141985
39141986
39141987
39141988
39141989
39151980
39151981
39151982
39151983
39151984
39151985
39151986
39151987
39151988
39151989
39161980
39161981
39161982
39161983
39161984
39161985
39161986
39161987
39161988
39161989
39171980
39171981
39171982
39171983
39171984
39171985
39171986
39171987
39171988
39171989
39181980
39181981
39181982
39181983
39181984
39181985
39181986
39181987
39181988
39181989
39191980
39191981
39191982
39191983
39191984
39191985
39191986
39191987
39191988
39191989
