30102010
30102011
30102012
30102013
30102014
30102015
30102016
30102017
30102018
30102019
30112010
30112011
30112012
30112013
30112014
30112015
30112016
30112017
30112018
30112019
30122010
30122011
30122012
30122013
30122014
30122015
30122016
30122017
30122018
30122019
30132010
30132011
30132012
30132013
30132014
30132015
30132016
30132017
30132018
30132019
30142010
30142011
30142012
30142013
30142014
30142015
30142016
30142017
30142018
30142019
30152010
30152011
30152012
30152013
30152014
30152015
30152016
30152017
30152018
30152019
30162010
30162011
30162012
30162013
30162014
30162015
30162016
30162017
30162018
30162019
30172010
30172011
30172012
30172013
30172014
30172015
30172016
30172017
30172018
30172019
30182010
30182011
30182012
30182013
30182014
30182015
30182016
30182017
30182018
30182019
30192010
30192011
30192012
30192013
30192014
30192015
30192016
30192017
30192018
30192019
31102010
31102011
31102012
31102013
31102014
31102015
31102016
31102017
31102018
31102019
31112010
31112011
31112012
31112013
31112014
31112015
31112016
31112017
31112018
31112019
31122010
31122011
31122012
31122013
31122014
31122015
31122016
31122017
31122018
31122019
31132010
31132011
31132012
31132013
31132014
31132015
31132016
31132017
31132018
31132019
31142010
31142011
31142012
31142013
31142014
31142015
31142016
31142017
31142018
31142019
31152010
31152011
31152012
31152013
31152014
31152015
31152016
31152017
31152018
31152019
31162010
31162011
31162012
31162013
31162014
31162015
31162016
31162017
31162018
31162019
31172010
31172011
31172012
31172013
31172014
31172015
31172016
31172017
31172018
31172019
31182010
31182011
31182012
31182013
31182014
31182015
31182016
31182017
31182018
31182019
31192010
31192011
31192012
31192013
31192014
31192015
31192016
31192017
31192018
31192019
32102010
32102011
32102012
32102013
32102014
32102015
32102016
32102017
32102018
32102019
32112010
32112011
32112012
32112013
32112014
32112015
32112016
32112017
32112018
32112019
32122010
32122011
32122012
32122013
32122014
32122015
32122016
32122017
32122018
32122019
32132010
32132011
32132012
32132013
32132014
32132015
32132016
32132017
32132018
32132019
32142010
32142011
32142012
32142013
32142014
32142015
32142016
32142017
32142018
32142019
32152010
32152011
32152012
32152013
32152014
32152015
32152016
32152017
32152018
32152019
32162010
32162011
32162012
32162013
32162014
32162015
32162016
32162017
32162018
32162019
32172010
32172011
32172012
32172013
32172014
32172015
32172016
32172017
32172018
32172019
32182010
32182011
32182012
32182013
32182014
32182015
32182016
32182017
32182018
32182019
32192010
32192011
32192012
32192013
32192014
32192015
32192016
32192017
32192018
32192019
33102010
33102011
33102012
33102013
33102014
33102015
33102016
33102017
33102018
33102019
33112010
33112011
33112012
33112013
33112014
33112015
33112016
33112017
33112018
33112019
33122010
33122011
33122012
33122013
33122014
33122015
33122016
33122017
33122018
33122019
33132010
33132011
33132012
33132013
33132014
33132015
33132016
33132017
33132018
33132019
33142010
33142011
33142012
33142013
33142014
33142015
33142016
33142017
33142018
33142019
33152010
33152011
33152012
33152013
33152014
33152015
33152016
33152017
33152018
33152019
33162010
33162011
33162012
33162013
33162014
33162015
33162016
33162017
33162018
33162019
33172010
33172011
33172012
33172013
33172014
33172015
33172016
33172017
33172018
33172019
33182010
33182011
33182012
33182013
33182014
33182015
33182016
33182017
33182018
33182019
33192010
33192011
33192012
33192013
33192014
33192015
33192016
33192017
33192018
33192019
34102010
34102011
34102012
34102013
34102014
34102015
34102016
34102017
34102018
34102019
34112010
34112011
34112012
34112013
34112014
34112015
34112016
34112017
34112018
34112019
34122010
34122011
34122012
34122013
34122014
34122015
34122016
34122017
34122018
34122019
34132010
34132011
34132012
34132013
34132014
34132015
34132016
34132017
34132018
34132019
34142010
34142011
34142012
34142013
34142014
34142015
34142016
34142017
34142018
34142019
34152010
34152011
34152012
34152013
34152014
34152015
34152016
34152017
34152018
34152019
34162010
34162011
34162012
34162013
34162014
34162015
34162016
34162017
34162018
34162019
34172010
34172011
34172012
34172013
34172014
34172015
34172016
34172017
34172018
34172019
34182010
34182011
34182012
34182013
34182014
34182015
34182016
34182017
34182018
34182019
34192010
34192011
34192012
34192013
34192014
34192015
34192016
34192017
34192018
34192019
35102010
35102011
35102012
35102013
35102014
35102015
35102016
35102017
35102018
35102019
35112010
35112011
35112012
35112013
35112014
35112015
35112016
35112017
35112018
35112019
35122010
35122011
35122012
35122013
35122014
35122015
35122016
35122017
35122018
35122019
35132010
35132011
35132012
35132013
35132014
35132015
35132016
35132017
35132018
35132019
35142010
35142011
35142012
35142013
35142014
35142015
35142016
35142017
35142018
35142019
35152010
35152011
35152012
35152013
35152014
35152015
35152016
35152017
35152018
35152019
35162010
35162011
35162012
35162013
35162014
35162015
35162016
35162017
35162018
35162019
35172010
35172011
35172012
35172013
35172014
35172015
35172016
35172017
35172018
35172019
35182010
35182011
35182012
35182013
35182014
35182015
35182016
35182017
35182018
35182019
35192010
35192011
35192012
35192013
35192014
35192015
35192016
35192017
35192018
35192019
36102010
36102011
36102012
36102013
36102014
36102015
36102016
36102017
36102018
36102019
36112010
36112011
36112012
36112013
36112014
36112015
36112016
36112017
36112018
36112019
36122010
36122011
36122012
36122013
36122014
36122015
36122016
36122017
36122018
36122019
36132010
36132011
36132012
36132013
36132014
36132015
36132016
36132017
36132018
36132019
36142010
36142011
36142012
36142013
36142014
36142015
36142016
36142017
36142018
36142019
36152010
36152011
36152012
36152013
36152014
36152015
36152016
36152017
36152018
36152019
36162010
36162011
36162012
36162013
36162014
36162015
36162016
36162017
36162018
36162019
36172010
36172011
36172012
36172013
36172014
36172015
36172016
36172017
36172018
36172019
36182010
36182011
36182012
36182013
36182014
36182015
36182016
36182017
36182018
36182019
36192010
36192011
36192012
36192013
36192014
36192015
36192016
36192017
36192018
36192019
37102010
37102011
37102012
37102013
37102014
37102015
37102016
37102017
37102018
37102019
37112010
37112011
37112012
37112013
37112014
37112015
37112016
37112017
37112018
37112019
37122010
37122011
37122012
37122013
37122014
37122015
37122016
37122017
37122018
37122019
37132010
37132011
37132012
37132013
37132014
37132015
37132016
37132017
37132018
37132019
37142010
37142011
37142012
37142013
37142014
37142015
37142016
37142017
37142018
37142019
37152010
37152011
37152012
37152013
37152014
37152015
37152016
37152017
37152018
37152019
37162010
37162011
37162012
37162013
37162014
37162015
37162016
37162017
37162018
37162019
37172010
37172011
37172012
37172013
37172014
37172015
37172016
37172017
37172018
37172019
37182010
37182011
37182012
37182013
37182014
37182015
37182016
37182017
37182018
37182019
37192010
37192011
37192012
37192013
37192014
37192015
37192016
37192017
37192018
37192019
38102010
38102011
38102012
38102013
38102014
38102015
38102016
38102017
38102018
38102019
38112010
38112011
38112012
38112013
38112014
38112015
38112016
38112017
38112018
38112019
38122010
38122011
38122012
38122013
38122014
38122015
38122016
38122017
38122018
38122019
38132010
38132011
38132012
38132013
38132014
38132015
38132016
38132017
38132018
38132019
38142010
38142011
38142012
38142013
38142014
38142015
38142016
38142017
38142018
38142019
38152010
38152011
38152012
38152013
38152014
38152015
38152016
38152017
38152018
38152019
38162010
38162011
38162012
38162013
38162014
38162015
38162016
38162017
38162018
38162019
38172010
38172011
38172012
38172013
38172014
38172015
38172016
38172017
38172018
38172019
38182010
38182011
38182012
38182013
38182014
38182015
38182016
38182017
38182018
38182019
38192010
38192011
38192012
38192013
38192014
38192015
38192016
38192017
38192018
38192019
39102010
39102011
39102012
39102013
39102014
39102015
39102016
39102017
39102018
39102019
39112010
39112011
39112012
39112013
39112014
39112015
39112016
39112017
39112018
39112019
39122010
39122011
39122012
39122013
39122014
39122015
39122016
39122017
39122018
39122019
39132010
39132011
39132012
39132013
39132014
39132015
39132016
39132017
39132018
39132019
39142010
39142011
39142012
39142013
39142014
39142015
39142016
39142017
39142018
39142019
39152010
39152011
39152012
39152013
39152014
39152015
39152016
39152017
39152018
39152019
39162010
39162011
39162012
39162013
39162014
39162015
39162016
39162017
39162018
39162019
39172010
39172011
39172012
39172013
39172014
39172015
39172016
39172017
39172018
39172019
39182010
39182011
39182012
39182013
39182014
39182015
39182016
39182017
39182018
39182019
39192010
39192011
39192012
39192013
39192014
39192015
39192016
39192017
39192018
39192019
