30101990
30101991
30101992
30101993
30101994
30101995
30101996
30101997
30101998
30101999
30111990
30111991
30111992
30111993
30111994
30111995
30111996
30111997
30111998
30111999
30121990
30121991
30121992
30121993
30121994
30121995
30121996
30121997
30121998
30121999
30131990
30131991
30131992
30131993
30131994
30131995
30131996
30131997
30131998
30131999
30141990
30141991
30141992
30141993
30141994
30141995
30141996
30141997
30141998
30141999
30151990
30151991
30151992
30151993
30151994
30151995
30151996
30151997
30151998
30151999
30161990
30161991
30161992
30161993
30161994
30161995
30161996
30161997
30161998
30161999
30171990
30171991
30171992
30171993
30171994
30171995
30171996
30171997
30171998
30171999
30181990
30181991
30181992
30181993
30181994
30181995
30181996
30181997
30181998
30181999
30191990
30191991
30191992
30191993
30191994
30191995
30191996
30191997
30191998
30191999
31101990
31101991
31101992
31101993
31101994
31101995
31101996
31101997
31101998
31101999
31111990
31111991
31111992
31111993
31111994
31111995
31111996
31111997
31111998
31111999
31121990
31121991
31121992
31121993
31121994
31121995
31121996
31121997
31121998
31121999
31131990
31131991
31131992
31131993
31131994
31131995
31131996
31131997
31131998
31131999
31141990
31141991
31141992
31141993
31141994
31141995
31141996
31141997
31141998
31141999
31151990
31151991
31151992
31151993
31151994
31151995
31151996
31151997
31151998
31151999
31161990
31161991
31161992
31161993
31161994
31161995
31161996
31161997
31161998
31161999
31171990
31171991
31171992
31171993
31171994
31171995
31171996
31171997
31171998
31171999
31181990
31181991
31181992
31181993
31181994
31181995
31181996
31181997
31181998
31181999
31191990
31191991
31191992
31191993
31191994
31191995
31191996
31191997
31191998
31191999
32101990
32101991
32101992
32101993
32101994
32101995
32101996
32101997
32101998
32101999
32111990
32111991
32111992
32111993
32111994
32111995
32111996
32111997
32111998
32111999
32121990
32121991
32121992
32121993
32121994
32121995
32121996
32121997
32121998
32121999
32131990
32131991
32131992
32131993
32131994
32131995
32131996
32131997
32131998
32131999
32141990
32141991
32141992
32141993
32141994
32141995
32141996
32141997
32141998
32141999
32151990
32151991
32151992
32151993
32151994
32151995
32151996
32151997
32151998
32151999
32161990
32161991
32161992
32161993
32161994
32161995
32161996
32161997
32161998
32161999
32171990
32171991
32171992
32171993
32171994
32171995
32171996
32171997
32171998
32171999
32181990
32181991
32181992
32181993
32181994
32181995
32181996
32181997
32181998
32181999
32191990
32191991
32191992
32191993
32191994
32191995
32191996
32191997
32191998
32191999
33101990
33101991
33101992
33101993
33101994
33101995
33101996
33101997
33101998
33101999
33111990
33111991
33111992
33111993
33111994
33111995
33111996
33111997
33111998
33111999
33121990
33121991
33121992
33121993
33121994
33121995
33121996
33121997
33121998
33121999
33131990
33131991
33131992
33131993
33131994
33131995
33131996
33131997
33131998
33131999
33141990
33141991
33141992
33141993
33141994
33141995
33141996
33141997
33141998
33141999
33151990
33151991
33151992
33151993
33151994
33151995
33151996
33151997
33151998
33151999
33161990
33161991
33161992
33161993
33161994
33161995
33161996
33161997
33161998
33161999
33171990
33171991
33171992
33171993
33171994
33171995
33171996
33171997
33171998
33171999
33181990
33181991
33181992
33181993
33181994
33181995
33181996
33181997
33181998
33181999
33191990
33191991
33191992
33191993
33191994
33191995
33191996
33191997
33191998
33191999
34101990
34101991
34101992
34101993
34101994
34101995
34101996
34101997
34101998
34101999
34111990
34111991
34111992
34111993
34111994
34111995
34111996
34111997
34111998
34111999
34121990
34121991
34121992
34121993
34121994
34121995
34121996
34121997
34121998
34121999
34131990
34131991
34131992
34131993
34131994
34131995
34131996
34131997
34131998
34131999
34141990
34141991
34141992
34141993
34141994
34141995
34141996
34141997
34141998
34141999
34151990
34151991
34151992
34151993
34151994
34151995
34151996
34151997
34151998
34151999
34161990
34161991
34161992
34161993
34161994
34161995
34161996
34161997
34161998
34161999
34171990
34171991
34171992
34171993
34171994
34171995
34171996
34171997
34171998
34171999
34181990
34181991
34181992
34181993
34181994
34181995
34181996
34181997
34181998
34181999
34191990
34191991
34191992
34191993
34191994
34191995
34191996
34191997
34191998
34191999
35101990
35101991
35101992
35101993
35101994
35101995
35101996
35101997
35101998
35101999
35111990
35111991
35111992
35111993
35111994
35111995
35111996
35111997
35111998
35111999
35121990
35121991
35121992
35121993
35121994
35121995
35121996
35121997
35121998
35121999
35131990
35131991
35131992
35131993
35131994
35131995
35131996
35131997
35131998
35131999
35141990
35141991
35141992
35141993
35141994
35141995
35141996
35141997
35141998
35141999
35151990
35151991
35151992
35151993
35151994
35151995
35151996
35151997
35151998
35151999
35161990
35161991
35161992
35161993
35161994
35161995
35161996
35161997
35161998
35161999
35171990
35171991
35171992
35171993
35171994
35171995
35171996
35171997
35171998
35171999
35181990
35181991
35181992
35181993
35181994
35181995
35181996
35181997
35181998
35181999
35191990
35191991
35191992
35191993
35191994
35191995
35191996
35191997
35191998
35191999
36101990
36101991
36101992
36101993
36101994
36101995
36101996
36101997
36101998
36101999
36111990
36111991
36111992
36111993
36111994
36111995
36111996
36111997
36111998
36111999
36121990
36121991
36121992
36121993
36121994
36121995
36121996
36121997
36121998
36121999
36131990
36131991
36131992
36131993
36131994
36131995
36131996
36131997
36131998
36131999
36141990
36141991
36141992
36141993
36141994
36141995
36141996
36141997
36141998
36141999
36151990
36151991
36151992
36151993
36151994
36151995
36151996
36151997
36151998
36151999
36161990
36161991
36161992
36161993
36161994
36161995
36161996
36161997
36161998
36161999
36171990
36171991
36171992
36171993
36171994
36171995
36171996
36171997
36171998
36171999
36181990
36181991
36181992
36181993
36181994
36181995
36181996
36181997
36181998
36181999
36191990
36191991
36191992
36191993
36191994
36191995
36191996
36191997
36191998
36191999
37101990
37101991
37101992
37101993
37101994
37101995
37101996
37101997
37101998
37101999
37111990
37111991
37111992
37111993
37111994
37111995
37111996
37111997
37111998
37111999
37121990
37121991
37121992
37121993
37121994
37121995
37121996
37121997
37121998
37121999
37131990
37131991
37131992
37131993
37131994
37131995
37131996
37131997
37131998
37131999
37141990
37141991
37141992
37141993
37141994
37141995
37141996
37141997
37141998
37141999
37151990
37151991
37151992
37151993
37151994
37151995
37151996
37151997
37151998
37151999
37161990
37161991
37161992
37161993
37161994
37161995
37161996
37161997
37161998
37161999
37171990
37171991
37171992
37171993
37171994
37171995
37171996
37171997
37171998
37171999
37181990
37181991
37181992
37181993
37181994
37181995
37181996
37181997
37181998
37181999
37191990
37191991
37191992
37191993
37191994
37191995
37191996
37191997
37191998
37191999
38101990
38101991
38101992
38101993
38101994
38101995
38101996
38101997
38101998
38101999
38111990
38111991
38111992
38111993
38111994
38111995
38111996
38111997
38111998
38111999
38121990
38121991
38121992
38121993
38121994
38121995
38121996
38121997
38121998
38121999
38131990
38131991
38131992
38131993
38131994
38131995
38131996
38131997
38131998
38131999
38141990
38141991
38141992
38141993
38141994
38141995
38141996
38141997
38141998
38141999
38151990
38151991
38151992
38151993
38151994
38151995
38151996
38151997
38151998
38151999
38161990
38161991
38161992
38161993
38161994
38161995
38161996
38161997
38161998
38161999
38171990
38171991
38171992
38171993
38171994
38171995
38171996
38171997
38171998
38171999
38181990
38181991
38181992
38181993
38181994
38181995
38181996
38181997
38181998
38181999
38191990
38191991
38191992
38191993
38191994
38191995
38191996
38191997
38191998
38191999
39101990
39101991
39101992
39101993
39101994
39101995
39101996
39101997
39101998
39101999
39111990
39111991
39111992
39111993
39111994
39111995
39111996
39111997
39111998
39111999
39121990
39121991
39121992
39121993
39121994
39121995
39121996
39121997
39121998
39121999
39131990
39131991
39131992
39131993
39131994
39131995
39131996
39131997
39131998
39131999
39141990
39141991
39141992
39141993
39141994
39141995
39141996
39141997
39141998
39141999
39151990
39151991
39151992
39151993
39151994
39151995
39151996
39151997
39151998
39151999
39161990
39161991
39161992
39161993
39161994
39161995
39161996
39161997
39161998
39161999
39171990
39171991
39171992
39171993
39171994
39171995
39171996
39171997
39171998
39171999
39181990
39181991
39181992
39181993
39181994
39181995
39181996
39181997
39181998
39181999
39191990
39191991
39191992
39191993
39191994
39191995
39191996
39191997
39191998
39191999
