30102000
30102001
30102002
30102003
30102004
30102005
30102006
30102007
30102008
30102009
30112000
30112001
30112002
30112003
30112004
30112005
30112006
30112007
30112008
30112009
30122000
30122001
30122002
30122003
30122004
30122005
30122006
30122007
30122008
30122009
30132000
30132001
30132002
30132003
30132004
30132005
30132006
30132007
30132008
30132009
30142000
30142001
30142002
30142003
30142004
30142005
30142006
30142007
30142008
30142009
30152000
30152001
30152002
30152003
30152004
30152005
30152006
30152007
30152008
30152009
30162000
30162001
30162002
30162003
30162004
30162005
30162006
30162007
30162008
30162009
30172000
30172001
30172002
30172003
30172004
30172005
30172006
30172007
30172008
30172009
30182000
30182001
30182002
30182003
30182004
30182005
30182006
30182007
30182008
30182009
30192000
30192001
30192002
30192003
30192004
30192005
30192006
30192007
30192008
30192009
31102000
31102001
31102002
31102003
31102004
31102005
31102006
31102007
31102008
31102009
31112000
31112001
31112002
31112003
31112004
31112005
31112006
31112007
31112008
31112009
31122000
31122001
31122002
31122003
31122004
31122005
31122006
31122007
31122008
31122009
31132000
31132001
31132002
31132003
31132004
31132005
31132006
31132007
31132008
31132009
31142000
31142001
31142002
31142003
31142004
31142005
31142006
31142007
31142008
31142009
31152000
31152001
31152002
31152003
31152004
31152005
31152006
31152007
31152008
31152009
31162000
31162001
31162002
31162003
31162004
31162005
31162006
31162007
31162008
31162009
31172000
31172001
31172002
31172003
31172004
31172005
31172006
31172007
31172008
31172009
31182000
31182001
31182002
31182003
31182004
31182005
31182006
31182007
31182008
31182009
31192000
31192001
31192002
31192003
31192004
31192005
31192006
31192007
31192008
31192009
32102000
32102001
32102002
32102003
32102004
32102005
32102006
32102007
32102008
32102009
32112000
32112001
32112002
32112003
32112004
32112005
32112006
32112007
32112008
32112009
32122000
32122001
32122002
32122003
32122004
32122005
32122006
32122007
32122008
32122009
32132000
32132001
32132002
32132003
32132004
32132005
32132006
32132007
32132008
32132009
32142000
32142001
32142002
32142003
32142004
32142005
32142006
32142007
32142008
32142009
32152000
32152001
32152002
32152003
32152004
32152005
32152006
32152007
32152008
32152009
32162000
32162001
32162002
32162003
32162004
32162005
32162006
32162007
32162008
32162009
32172000
32172001
32172002
32172003
32172004
32172005
32172006
32172007
32172008
32172009
32182000
32182001
32182002
32182003
32182004
32182005
32182006
32182007
32182008
32182009
32192000
32192001
32192002
32192003
32192004
32192005
32192006
32192007
32192008
32192009
33102000
33102001
33102002
33102003
33102004
33102005
33102006
33102007
33102008
33102009
33112000
33112001
33112002
33112003
33112004
33112005
33112006
33112007
33112008
33112009
33122000
33122001
33122002
33122003
33122004
33122005
33122006
33122007
33122008
33122009
33132000
33132001
33132002
33132003
33132004
33132005
33132006
33132007
33132008
33132009
33142000
33142001
33142002
33142003
33142004
33142005
33142006
33142007
33142008
33142009
33152000
33152001
33152002
33152003
33152004
33152005
33152006
33152007
33152008
33152009
33162000
33162001
33162002
33162003
33162004
33162005
33162006
33162007
33162008
33162009
33172000
33172001
33172002
33172003
33172004
33172005
33172006
33172007
33172008
33172009
33182000
33182001
33182002
33182003
33182004
33182005
33182006
33182007
33182008
33182009
33192000
33192001
33192002
33192003
33192004
33192005
33192006
33192007
33192008
33192009
34102000
34102001
34102002
34102003
34102004
34102005
34102006
34102007
34102008
34102009
34112000
34112001
34112002
34112003
34112004
34112005
34112006
34112007
34112008
34112009
34122000
34122001
34122002
34122003
34122004
34122005
34122006
34122007
34122008
34122009
34132000
34132001
34132002
34132003
34132004
34132005
34132006
34132007
34132008
34132009
34142000
34142001
34142002
34142003
34142004
34142005
34142006
34142007
34142008
34142009
34152000
34152001
34152002
34152003
34152004
34152005
34152006
34152007
34152008
34152009
34162000
34162001
34162002
34162003
34162004
34162005
34162006
34162007
34162008
34162009
34172000
34172001
34172002
34172003
34172004
34172005
34172006
34172007
34172008
34172009
34182000
34182001
34182002
34182003
34182004
34182005
34182006
34182007
34182008
34182009
34192000
34192001
34192002
34192003
34192004
34192005
34192006
34192007
34192008
34192009
35102000
35102001
35102002
35102003
35102004
35102005
35102006
35102007
35102008
35102009
35112000
35112001
35112002
35112003
35112004
35112005
35112006
35112007
35112008
35112009
35122000
35122001
35122002
35122003
35122004
35122005
35122006
35122007
35122008
35122009
35132000
35132001
35132002
35132003
35132004
35132005
35132006
35132007
35132008
35132009
35142000
35142001
35142002
35142003
35142004
35142005
35142006
35142007
35142008
35142009
35152000
35152001
35152002
35152003
35152004
35152005
35152006
35152007
35152008
35152009
35162000
35162001
35162002
35162003
35162004
35162005
35162006
35162007
35162008
35162009
35172000
35172001
35172002
35172003
35172004
35172005
35172006
35172007
35172008
35172009
35182000
35182001
35182002
35182003
35182004
35182005
35182006
35182007
35182008
35182009
35192000
35192001
35192002
35192003
35192004
35192005
35192006
35192007
35192008
35192009
36102000
36102001
36102002
36102003
36102004
36102005
36102006
36102007
36102008
36102009
36112000
36112001
36112002
36112003
36112004
36112005
36112006
36112007
36112008
36112009
36122000
36122001
36122002
36122003
36122004
36122005
36122006
36122007
36122008
36122009
36132000
36132001
36132002
36132003
36132004
36132005
36132006
36132007
36132008
36132009
36142000
36142001
36142002
36142003
36142004
36142005
36142006
36142007
36142008
36142009
36152000
36152001
36152002
36152003
36152004
36152005
36152006
36152007
36152008
36152009
36162000
36162001
36162002
36162003
36162004
36162005
36162006
36162007
36162008
36162009
36172000
36172001
36172002
36172003
36172004
36172005
36172006
36172007
36172008
36172009
36182000
36182001
36182002
36182003
36182004
36182005
36182006
36182007
36182008
36182009
36192000
36192001
36192002
36192003
36192004
36192005
36192006
36192007
36192008
36192009
37102000
37102001
37102002
37102003
37102004
37102005
37102006
37102007
37102008
37102009
37112000
37112001
37112002
37112003
37112004
37112005
37112006
37112007
37112008
37112009
37122000
37122001
37122002
37122003
37122004
37122005
37122006
37122007
37122008
37122009
37132000
37132001
37132002
37132003
37132004
37132005
37132006
37132007
37132008
37132009
37142000
37142001
37142002
37142003
37142004
37142005
37142006
37142007
37142008
37142009
37152000
37152001
37152002
37152003
37152004
37152005
37152006
37152007
37152008
37152009
37162000
37162001
37162002
37162003
37162004
37162005
37162006
37162007
37162008
37162009
37172000
37172001
37172002
37172003
37172004
37172005
37172006
37172007
37172008
37172009
37182000
37182001
37182002
37182003
37182004
37182005
37182006
37182007
37182008
37182009
37192000
37192001
37192002
37192003
37192004
37192005
37192006
37192007
37192008
37192009
38102000
38102001
38102002
38102003
38102004
38102005
38102006
38102007
38102008
38102009
38112000
38112001
38112002
38112003
38112004
38112005
38112006
38112007
38112008
38112009
38122000
38122001
38122002
38122003
38122004
38122005
38122006
38122007
38122008
38122009
38132000
38132001
38132002
38132003
38132004
38132005
38132006
38132007
38132008
38132009
38142000
38142001
38142002
38142003
38142004
38142005
38142006
38142007
38142008
38142009
38152000
38152001
38152002
38152003
38152004
38152005
38152006
38152007
38152008
38152009
38162000
38162001
38162002
38162003
38162004
38162005
38162006
38162007
38162008
38162009
38172000
38172001
38172002
38172003
38172004
38172005
38172006
38172007
38172008
38172009
38182000
38182001
38182002
38182003
38182004
38182005
38182006
38182007
38182008
38182009
38192000
38192001
38192002
38192003
38192004
38192005
38192006
38192007
38192008
38192009
39102000
39102001
39102002
39102003
39102004
39102005
39102006
39102007
39102008
39102009
39112000
39112001
39112002
39112003
39112004
39112005
39112006
39112007
39112008
39112009
39122000
39122001
39122002
39122003
39122004
39122005
39122006
39122007
39122008
39122009
39132000
39132001
39132002
39132003
39132004
39132005
39132006
39132007
39132008
39132009
39142000
39142001
39142002
39142003
39142004
39142005
39142006
39142007
39142008
39142009
39152000
39152001
39152002
39152003
39152004
39152005
39152006
39152007
39152008
39152009
39162000
39162001
39162002
39162003
39162004
39162005
39162006
39162007
39162008
39162009
39172000
39172001
39172002
39172003
39172004
39172005
39172006
39172007
39172008
39172009
39182000
39182001
39182002
39182003
39182004
39182005
39182006
39182007
39182008
39182009
39192000
39192001
39192002
39192003
39192004
39192005
39192006
39192007
39192008
39192009
