22222222
22222226
22222228
22222262
22222266
22222268
22222282
22222286
22222288
22222622
22222626
22222628
22222662
22222666
22222668
22222682
22222686
22222688
22222822
22222826
22222828
22222862
22222866
22222868
22222882
22222886
22222888
22226222
22226226
22226228
22226262
22226266
22226268
22226282
22226286
22226288
22226622
22226626
22226628
22226662
22226666
22226668
22226682
22226686
22226688
22226822
22226826
22226828
22226862
22226866
22226868
22226882
22226886
22226888
22228222
22228226
22228228
22228262
22228266
22228268
22228282
22228286
22228288
22228622
22228626
22228628
22228662
22228666
22228668
22228682
22228686
22228688
22228822
22228826
22228828
22228862
22228866
22228868
22228882
22228886
22228888
22262222
22262226
22262228
22262262
22262266
22262268
22262282
22262286
22262288
22262622
22262626
22262628
22262662
22262666
22262668
22262682
22262686
22262688
22262822
22262826
22262828
22262862
22262866
22262868
22262882
22262886
22262888
22266222
22266226
22266228
22266262
22266266
22266268
22266282
22266286
22266288
22266622
22266626
22266628
22266662
22266666
22266668
22266682
22266686
22266688
22266822
22266826
22266828
22266862
22266866
22266868
22266882
22266886
22266888
22268222
22268226
22268228
22268262
22268266
22268268
22268282
22268286
22268288
22268622
22268626
22268628
22268662
22268666
22268668
22268682
22268686
22268688
22268822
22268826
22268828
22268862
22268866
22268868
22268882
22268886
22268888
22282222
22282226
22282228
22282262
22282266
22282268
22282282
22282286
22282288
22282622
22282626
22282628
22282662
22282666
22282668
22282682
22282686
22282688
22282822
22282826
22282828
22282862
22282866
22282868
22282882
22282886
22282888
22286222
22286226
22286228
22286262
22286266
22286268
22286282
22286286
22286288
22286622
22286626
22286628
22286662
22286666
22286668
22286682
22286686
22286688
22286822
22286826
22286828
22286862
22286866
22286868
22286882
22286886
22286888
22288222
22288226
22288228
22288262
22288266
22288268
22288282
22288286
22288288
22288622
22288626
22288628
22288662
22288666
22288668
22288682
22288686
22288688
22288822
22288826
22288828
22288862
22288866
22288868
22288882
22288886
22288888
22622222
22622226
22622228
22622262
22622266
22622268
22622282
22622286
22622288
22622622
22622626
22622628
22622662
22622666
22622668
22622682
22622686
22622688
22622822
22622826
22622828
22622862
22622866
22622868
22622882
22622886
22622888
22626222
22626226
22626228
22626262
22626266
22626268
22626282
22626286
22626288
22626622
22626626
22626628
22626662
22626666
22626668
22626682
22626686
22626688
22626822
22626826
22626828
22626862
22626866
22626868
22626882
22626886
22626888
22628222
22628226
22628228
22628262
22628266
22628268
22628282
22628286
22628288
22628622
22628626
22628628
22628662
22628666
22628668
22628682
22628686
22628688
22628822
22628826
22628828
22628862
22628866
22628868
22628882
22628886
22628888
22662222
22662226
22662228
22662262
22662266
22662268
22662282
22662286
22662288
22662622
22662626
22662628
22662662
22662666
22662668
22662682
22662686
22662688
22662822
22662826
22662828
22662862
22662866
22662868
22662882
22662886
22662888
22666222
22666226
22666228
22666262
22666266
22666268
22666282
22666286
22666288
22666622
22666626
22666628
22666662
22666666
22666668
22666682
22666686
22666688
22666822
22666826
22666828
22666862
22666866
22666868
22666882
22666886
22666888
22668222
22668226
22668228
22668262
22668266
22668268
22668282
22668286
22668288
22668622
22668626
22668628
22668662
22668666
22668668
22668682
22668686
22668688
22668822
22668826
22668828
22668862
22668866
22668868
22668882
22668886
22668888
22682222
22682226
22682228
22682262
22682266
22682268
22682282
22682286
22682288
22682622
22682626
22682628
22682662
22682666
22682668
22682682
22682686
22682688
22682822
22682826
22682828
22682862
22682866
22682868
22682882
22682886
22682888
22686222
22686226
22686228
22686262
22686266
22686268
22686282
22686286
22686288
22686622
22686626
22686628
22686662
22686666
22686668
22686682
22686686
22686688
22686822
22686826
22686828
22686862
22686866
22686868
22686882
22686886
22686888
22688222
22688226
22688228
22688262
22688266
22688268
22688282
22688286
22688288
22688622
22688626
22688628
22688662
22688666
22688668
22688682
22688686
22688688
22688822
22688826
22688828
22688862
22688866
22688868
22688882
22688886
22688888
22822222
22822226
22822228
22822262
22822266
22822268
22822282
22822286
22822288
22822622
22822626
22822628
22822662
22822666
22822668
22822682
22822686
22822688
22822822
22822826
22822828
22822862
22822866
22822868
22822882
22822886
22822888
22826222
22826226
22826228
22826262
22826266
22826268
22826282
22826286
22826288
22826622
22826626
22826628
22826662
22826666
22826668
22826682
22826686
22826688
22826822
22826826
22826828
22826862
22826866
22826868
22826882
22826886
22826888
22828222
22828226
22828228
22828262
22828266
22828268
22828282
22828286
22828288
22828622
22828626
22828628
22828662
22828666
22828668
22828682
22828686
22828688
22828822
22828826
22828828
22828862
22828866
22828868
22828882
22828886
22828888
22862222
22862226
22862228
22862262
22862266
22862268
22862282
22862286
22862288
22862622
22862626
22862628
22862662
22862666
22862668
22862682
22862686
22862688
22862822
22862826
22862828
22862862
22862866
22862868
22862882
22862886
22862888
22866222
22866226
22866228
22866262
22866266
22866268
22866282
22866286
22866288
22866622
22866626
22866628
22866662
22866666
22866668
22866682
22866686
22866688
22866822
22866826
22866828
22866862
22866866
22866868
22866882
22866886
22866888
22868222
22868226
22868228
22868262
22868266
22868268
22868282
22868286
22868288
22868622
22868626
22868628
22868662
22868666
22868668
22868682
22868686
22868688
22868822
22868826
22868828
22868862
22868866
22868868
22868882
22868886
22868888
22882222
22882226
22882228
22882262
22882266
22882268
22882282
22882286
22882288
22882622
22882626
22882628
22882662
22882666
22882668
22882682
22882686
22882688
22882822
22882826
22882828
22882862
22882866
22882868
22882882
22882886
22882888
22886222
22886226
22886228
22886262
22886266
22886268
22886282
22886286
22886288
22886622
22886626
22886628
22886662
22886666
22886668
22886682
22886686
22886688
22886822
22886826
22886828
22886862
22886866
22886868
22886882
22886886
22886888
22888222
22888226
22888228
22888262
22888266
22888268
22888282
22888286
22888288
22888622
22888626
22888628
22888662
22888666
22888668
22888682
22888686
22888688
22888822
22888826
22888828
22888862
22888866
22888868
22888882
22888886
22888888
26222222
26222226
26222228
26222262
26222266
26222268
26222282
26222286
26222288
26222622
26222626
26222628
26222662
26222666
26222668
26222682
26222686
26222688
26222822
26222826
26222828
26222862
26222866
26222868
26222882
26222886
26222888
26226222
26226226
26226228
26226262
26226266
26226268
26226282
26226286
26226288
26226622
26226626
26226628
26226662
26226666
26226668
26226682
26226686
26226688
26226822
26226826
26226828
26226862
26226866
26226868
26226882
26226886
26226888
26228222
26228226
26228228
26228262
26228266
26228268
26228282
26228286
26228288
26228622
26228626
26228628
26228662
26228666
26228668
26228682
26228686
26228688
26228822
26228826
26228828
26228862
26228866
26228868
26228882
26228886
26228888
26262222
26262226
26262228
26262262
26262266
26262268
26262282
26262286
26262288
26262622
26262626
26262628
26262662
26262666
26262668
26262682
26262686
26262688
26262822
26262826
26262828
26262862
26262866
26262868
26262882
26262886
26262888
26266222
26266226
26266228
26266262
26266266
26266268
26266282
26266286
26266288
26266622
26266626
26266628
26266662
26266666
26266668
26266682
26266686
26266688
26266822
26266826
26266828
26266862
26266866
26266868
26266882
26266886
26266888
26268222
26268226
26268228
26268262
26268266
26268268
26268282
26268286
26268288
26268622
26268626
26268628
26268662
26268666
26268668
26268682
26268686
26268688
26268822
26268826
26268828
26268862
26268866
26268868
26268882
26268886
26268888
26282222
26282226
26282228
26282262
26282266
26282268
26282282
26282286
26282288
26282622
26282626
26282628
26282662
26282666
26282668
26282682
26282686
26282688
26282822
26282826
26282828
26282862
26282866
26282868
26282882
26282886
26282888
26286222
26286226
26286228
26286262
26286266
26286268
26286282
26286286
26286288
26286622
26286626
26286628
26286662
26286666
26286668
26286682
26286686
26286688
26286822
26286826
26286828
26286862
26286866
26286868
26286882
26286886
26286888
26288222
26288226
26288228
26288262
26288266
26288268
26288282
26288286
26288288
26288622
26288626
26288628
26288662
26288666
26288668
26288682
26288686
26288688
26288822
26288826
26288828
26288862
26288866
26288868
26288882
26288886
26288888
26622222
26622226
26622228
26622262
26622266
26622268
26622282
26622286
26622288
26622622
26622626
26622628
26622662
26622666
26622668
26622682
26622686
26622688
26622822
26622826
26622828
26622862
26622866
26622868
26622882
26622886
26622888
26626222
26626226
26626228
26626262
26626266
26626268
26626282
26626286
26626288
26626622
26626626
26626628
26626662
26626666
26626668
26626682
26626686
26626688
26626822
26626826
26626828
26626862
26626866
26626868
26626882
26626886
26626888
26628222
26628226
26628228
26628262
26628266
26628268
26628282
26628286
26628288
26628622
26628626
26628628
26628662
26628666
26628668
26628682
26628686
26628688
26628822
26628826
26628828
26628862
26628866
26628868
26628882
26628886
26628888
26662222
26662226
26662228
26662262
26662266
26662268
26662282
26662286
26662288
26662622
26662626
26662628
26662662
26662666
26662668
26662682
26662686
26662688
26662822
26662826
26662828
26662862
26662866
26662868
26662882
26662886
26662888
26666222
26666226
26666228
26666262
26666266
26666268
26666282
26666286
26666288
26666622
26666626
26666628
26666662
26666666
26666668
26666682
26666686
26666688
26666822
26666826
26666828
26666862
26666866
26666868
26666882
26666886
26666888
26668222
26668226
26668228
26668262
26668266
26668268
26668282
26668286
26668288
26668622
26668626
26668628
26668662
26668666
26668668
26668682
26668686
26668688
26668822
26668826
26668828
26668862
26668866
26668868
26668882
26668886
26668888
26682222
26682226
26682228
26682262
26682266
26682268
26682282
26682286
26682288
26682622
26682626
26682628
26682662
26682666
26682668
26682682
26682686
26682688
26682822
26682826
26682828
26682862
26682866
26682868
26682882
26682886
26682888
26686222
26686226
26686228
26686262
26686266
26686268
26686282
26686286
26686288
26686622
26686626
26686628
26686662
26686666
26686668
26686682
26686686
26686688
26686822
26686826
26686828
26686862
26686866
26686868
26686882
26686886
26686888
26688222
26688226
26688228
26688262
26688266
26688268
26688282
26688286
26688288
26688622
26688626
26688628
26688662
26688666
26688668
26688682
26688686
26688688
26688822
26688826
26688828
26688862
26688866
26688868
26688882
26688886
26688888
26822222
26822226
26822228
26822262
26822266
26822268
26822282
26822286
26822288
26822622
26822626
26822628
26822662
26822666
26822668
26822682
26822686
26822688
26822822
26822826
26822828
26822862
26822866
26822868
26822882
26822886
26822888
26826222
26826226
26826228
26826262
26826266
26826268
26826282
26826286
26826288
26826622
26826626
26826628
26826662
26826666
26826668
26826682
26826686
26826688
26826822
26826826
26826828
26826862
26826866
26826868
26826882
26826886
26826888
26828222
26828226
26828228
26828262
26828266
26828268
26828282
26828286
26828288
26828622
26828626
26828628
26828662
26828666
26828668
26828682
26828686
26828688
26828822
26828826
26828828
26828862
26828866
26828868
26828882
26828886
26828888
26862222
26862226
26862228
26862262
26862266
26862268
26862282
26862286
26862288
26862622
26862626
26862628
26862662
26862666
26862668
26862682
26862686
26862688
26862822
26862826
26862828
26862862
26862866
26862868
26862882
26862886
26862888
26866222
26866226
26866228
26866262
26866266
26866268
26866282
26866286
26866288
26866622
26866626
26866628
26866662
26866666
26866668
26866682
26866686
26866688
26866822
26866826
26866828
26866862
26866866
26866868
26866882
26866886
26866888
26868222
26868226
26868228
26868262
26868266
26868268
26868282
26868286
26868288
26868622
26868626
26868628
26868662
26868666
26868668
26868682
26868686
26868688
26868822
26868826
26868828
26868862
26868866
26868868
26868882
26868886
26868888
26882222
26882226
26882228
26882262
26882266
26882268
26882282
26882286
26882288
26882622
26882626
26882628
26882662
26882666
26882668
26882682
26882686
26882688
26882822
26882826
26882828
26882862
26882866
26882868
26882882
26882886
26882888
26886222
26886226
26886228
26886262
26886266
26886268
26886282
26886286
26886288
26886622
26886626
26886628
26886662
26886666
26886668
26886682
26886686
26886688
26886822
26886826
26886828
26886862
26886866
26886868
26886882
26886886
26886888
26888222
26888226
26888228
26888262
26888266
26888268
26888282
26888286
26888288
26888622
26888626
26888628
26888662
26888666
26888668
26888682
26888686
26888688
26888822
26888826
26888828
26888862
26888866
26888868
26888882
26888886
26888888
28222222
28222226
28222228
28222262
28222266
28222268
28222282
28222286
28222288
28222622
28222626
28222628
28222662
28222666
28222668
28222682
28222686
28222688
28222822
28222826
28222828
28222862
28222866
28222868
28222882
28222886
28222888
28226222
28226226
28226228
28226262
28226266
28226268
28226282
28226286
28226288
28226622
28226626
28226628
28226662
28226666
28226668
28226682
28226686
28226688
28226822
28226826
28226828
28226862
28226866
28226868
28226882
28226886
28226888
28228222
28228226
28228228
28228262
28228266
28228268
28228282
28228286
28228288
28228622
28228626
28228628
28228662
28228666
28228668
28228682
28228686
28228688
28228822
28228826
28228828
28228862
28228866
28228868
28228882
28228886
28228888
28262222
28262226
28262228
28262262
28262266
28262268
28262282
28262286
28262288
28262622
28262626
28262628
28262662
28262666
28262668
28262682
28262686
28262688
28262822
28262826
28262828
28262862
28262866
28262868
28262882
28262886
28262888
28266222
28266226
28266228
28266262
28266266
28266268
28266282
28266286
28266288
28266622
28266626
28266628
28266662
28266666
28266668
28266682
28266686
28266688
28266822
28266826
28266828
28266862
28266866
28266868
28266882
28266886
28266888
28268222
28268226
28268228
28268262
28268266
28268268
28268282
28268286
28268288
28268622
28268626
28268628
28268662
28268666
28268668
28268682
28268686
28268688
28268822
28268826
28268828
28268862
28268866
28268868
28268882
28268886
28268888
28282222
28282226
28282228
28282262
28282266
28282268
28282282
28282286
28282288
28282622
28282626
28282628
28282662
28282666
28282668
28282682
28282686
28282688
28282822
28282826
28282828
28282862
28282866
28282868
28282882
28282886
28282888
28286222
28286226
28286228
28286262
28286266
28286268
28286282
28286286
28286288
28286622
28286626
28286628
28286662
28286666
28286668
28286682
28286686
28286688
28286822
28286826
28286828
28286862
28286866
28286868
28286882
28286886
28286888
28288222
28288226
28288228
28288262
28288266
28288268
28288282
28288286
28288288
28288622
28288626
28288628
28288662
28288666
28288668
28288682
28288686
28288688
28288822
28288826
28288828
28288862
28288866
28288868
28288882
28288886
28288888
28622222
28622226
28622228
28622262
28622266
28622268
28622282
28622286
28622288
28622622
28622626
28622628
28622662
28622666
28622668
28622682
28622686
28622688
28622822
28622826
28622828
28622862
28622866
28622868
28622882
28622886
28622888
28626222
28626226
28626228
28626262
28626266
28626268
28626282
28626286
28626288
28626622
28626626
28626628
28626662
28626666
28626668
28626682
28626686
28626688
28626822
28626826
28626828
28626862
28626866
28626868
28626882
28626886
28626888
28628222
28628226
28628228
28628262
28628266
28628268
28628282
28628286
28628288
28628622
28628626
28628628
28628662
28628666
28628668
28628682
28628686
28628688
28628822
28628826
28628828
28628862
28628866
28628868
28628882
28628886
28628888
28662222
28662226
28662228
28662262
28662266
28662268
28662282
28662286
28662288
28662622
28662626
28662628
28662662
28662666
28662668
28662682
28662686
28662688
28662822
28662826
28662828
28662862
28662866
28662868
28662882
28662886
28662888
28666222
28666226
28666228
28666262
28666266
28666268
28666282
28666286
28666288
28666622
28666626
28666628
28666662
28666666
28666668
28666682
28666686
28666688
28666822
28666826
28666828
28666862
28666866
28666868
28666882
28666886
28666888
28668222
28668226
28668228
28668262
28668266
28668268
28668282
28668286
28668288
28668622
28668626
28668628
28668662
28668666
28668668
28668682
28668686
28668688
28668822
28668826
28668828
28668862
28668866
28668868
28668882
28668886
28668888
28682222
28682226
28682228
28682262
28682266
28682268
28682282
28682286
28682288
28682622
28682626
28682628
28682662
28682666
28682668
28682682
28682686
28682688
28682822
28682826
28682828
28682862
28682866
28682868
28682882
28682886
28682888
28686222
28686226
28686228
28686262
28686266
28686268
28686282
28686286
28686288
28686622
28686626
28686628
28686662
28686666
28686668
28686682
28686686
28686688
28686822
28686826
28686828
28686862
28686866
28686868
28686882
28686886
28686888
28688222
28688226
28688228
28688262
28688266
28688268
28688282
28688286
28688288
28688622
28688626
28688628
28688662
28688666
28688668
28688682
28688686
28688688
28688822
28688826
28688828
28688862
28688866
28688868
28688882
28688886
28688888
28822222
28822226
28822228
28822262
28822266
28822268
28822282
28822286
28822288
28822622
28822626
28822628
28822662
28822666
28822668
28822682
28822686
28822688
28822822
28822826
28822828
28822862
28822866
28822868
28822882
28822886
28822888
28826222
28826226
28826228
28826262
28826266
28826268
28826282
28826286
28826288
28826622
28826626
28826628
28826662
28826666
28826668
28826682
28826686
28826688
28826822
28826826
28826828
28826862
28826866
28826868
28826882
28826886
28826888
28828222
28828226
28828228
28828262
28828266
28828268
28828282
28828286
28828288
28828622
28828626
28828628
28828662
28828666
28828668
28828682
28828686
28828688
28828822
28828826
28828828
28828862
28828866
28828868
28828882
28828886
28828888
28862222
28862226
28862228
28862262
28862266
28862268
28862282
28862286
28862288
28862622
28862626
28862628
28862662
28862666
28862668
28862682
28862686
28862688
28862822
28862826
28862828
28862862
28862866
28862868
28862882
28862886
28862888
28866222
28866226
28866228
28866262
28866266
28866268
28866282
28866286
28866288
28866622
28866626
28866628
28866662
28866666
28866668
28866682
28866686
28866688
28866822
28866826
28866828
28866862
28866866
28866868
28866882
28866886
28866888
28868222
28868226
28868228
28868262
28868266
28868268
28868282
28868286
28868288
28868622
28868626
28868628
28868662
28868666
28868668
28868682
28868686
28868688
28868822
28868826
28868828
28868862
28868866
28868868
28868882
28868886
28868888
28882222
28882226
28882228
28882262
28882266
28882268
28882282
28882286
28882288
28882622
28882626
28882628
28882662
28882666
28882668
28882682
28882686
28882688
28882822
28882826
28882828
28882862
28882866
28882868
28882882
28882886
28882888
28886222
28886226
28886228
28886262
28886266
28886268
28886282
28886286
28886288
28886622
28886626
28886628
28886662
28886666
28886668
28886682
28886686
28886688
28886822
28886826
28886828
28886862
28886866
28886868
28886882
28886886
28886888
28888222
28888226
28888228
28888262
28888266
28888268
28888282
28888286
28888288
28888622
28888626
28888628
28888662
28888666
28888668
28888682
28888686
28888688
28888822
28888826
28888828
28888862
28888866
28888868
28888882
28888886
28888888
62222222
62222226
62222228
62222262
62222266
62222268
62222282
62222286
62222288
62222622
62222626
62222628
62222662
62222666
62222668
62222682
62222686
62222688
62222822
62222826
62222828
62222862
62222866
62222868
62222882
62222886
62222888
62226222
62226226
62226228
62226262
62226266
62226268
62226282
62226286
62226288
62226622
62226626
62226628
62226662
62226666
62226668
62226682
62226686
62226688
62226822
62226826
62226828
62226862
62226866
62226868
62226882
62226886
62226888
62228222
62228226
62228228
62228262
62228266
62228268
62228282
62228286
62228288
62228622
62228626
62228628
62228662
62228666
62228668
62228682
62228686
62228688
62228822
62228826
62228828
62228862
62228866
62228868
62228882
62228886
62228888
62262222
62262226
62262228
62262262
62262266
62262268
62262282
62262286
62262288
62262622
62262626
62262628
62262662
62262666
62262668
62262682
62262686
62262688
62262822
62262826
62262828
62262862
62262866
62262868
62262882
62262886
62262888
62266222
62266226
62266228
62266262
62266266
62266268
62266282
62266286
62266288
62266622
62266626
62266628
62266662
62266666
62266668
62266682
62266686
62266688
62266822
62266826
62266828
62266862
62266866
62266868
62266882
62266886
62266888
62268222
62268226
62268228
62268262
62268266
62268268
62268282
62268286
62268288
62268622
62268626
62268628
62268662
62268666
62268668
62268682
62268686
62268688
62268822
62268826
62268828
62268862
62268866
62268868
62268882
62268886
62268888
62282222
62282226
62282228
62282262
62282266
62282268
62282282
62282286
62282288
62282622
62282626
62282628
62282662
62282666
62282668
62282682
62282686
62282688
62282822
62282826
62282828
62282862
62282866
62282868
62282882
62282886
62282888
62286222
62286226
62286228
62286262
62286266
62286268
62286282
62286286
62286288
62286622
62286626
62286628
62286662
62286666
62286668
62286682
62286686
62286688
62286822
62286826
62286828
62286862
62286866
62286868
62286882
62286886
62286888
62288222
62288226
62288228
62288262
62288266
62288268
62288282
62288286
62288288
62288622
62288626
62288628
62288662
62288666
62288668
62288682
62288686
62288688
62288822
62288826
62288828
62288862
62288866
62288868
62288882
62288886
62288888
62622222
62622226
62622228
62622262
62622266
62622268
62622282
62622286
62622288
62622622
62622626
62622628
62622662
62622666
62622668
62622682
62622686
62622688
62622822
62622826
62622828
62622862
62622866
62622868
62622882
62622886
62622888
62626222
62626226
62626228
62626262
62626266
62626268
62626282
62626286
62626288
62626622
62626626
62626628
62626662
62626666
62626668
62626682
62626686
62626688
62626822
62626826
62626828
62626862
62626866
62626868
62626882
62626886
62626888
62628222
62628226
62628228
62628262
62628266
62628268
62628282
62628286
62628288
62628622
62628626
62628628
62628662
62628666
62628668
62628682
62628686
62628688
62628822
62628826
62628828
62628862
62628866
62628868
62628882
62628886
62628888
62662222
62662226
62662228
62662262
62662266
62662268
62662282
62662286
62662288
62662622
62662626
62662628
62662662
62662666
62662668
62662682
62662686
62662688
62662822
62662826
62662828
62662862
62662866
62662868
62662882
62662886
62662888
62666222
62666226
62666228
62666262
62666266
62666268
62666282
62666286
62666288
62666622
62666626
62666628
62666662
62666666
62666668
62666682
62666686
62666688
62666822
62666826
62666828
62666862
62666866
62666868
62666882
62666886
62666888
62668222
62668226
62668228
62668262
62668266
62668268
62668282
62668286
62668288
62668622
62668626
62668628
62668662
62668666
62668668
62668682
62668686
62668688
62668822
62668826
62668828
62668862
62668866
62668868
62668882
62668886
62668888
62682222
62682226
62682228
62682262
62682266
62682268
62682282
62682286
62682288
62682622
62682626
62682628
62682662
62682666
62682668
62682682
62682686
62682688
62682822
62682826
62682828
62682862
62682866
62682868
62682882
62682886
62682888
62686222
62686226
62686228
62686262
62686266
62686268
62686282
62686286
62686288
62686622
62686626
62686628
62686662
62686666
62686668
62686682
62686686
62686688
62686822
62686826
62686828
62686862
62686866
62686868
62686882
62686886
62686888
62688222
62688226
62688228
62688262
62688266
62688268
62688282
62688286
62688288
62688622
62688626
62688628
62688662
62688666
62688668
62688682
62688686
62688688
62688822
62688826
62688828
62688862
62688866
62688868
62688882
62688886
62688888
62822222
62822226
62822228
62822262
62822266
62822268
62822282
62822286
62822288
62822622
62822626
62822628
62822662
62822666
62822668
62822682
62822686
62822688
62822822
62822826
62822828
62822862
62822866
62822868
62822882
62822886
62822888
62826222
62826226
62826228
62826262
62826266
62826268
62826282
62826286
62826288
62826622
62826626
62826628
62826662
62826666
62826668
62826682
62826686
62826688
62826822
62826826
62826828
62826862
62826866
62826868
62826882
62826886
62826888
62828222
62828226
62828228
62828262
62828266
62828268
62828282
62828286
62828288
62828622
62828626
62828628
62828662
62828666
62828668
62828682
62828686
62828688
62828822
62828826
62828828
62828862
62828866
62828868
62828882
62828886
62828888
62862222
62862226
62862228
62862262
62862266
62862268
62862282
62862286
62862288
62862622
62862626
62862628
62862662
62862666
62862668
62862682
62862686
62862688
62862822
62862826
62862828
62862862
62862866
62862868
62862882
62862886
62862888
62866222
62866226
62866228
62866262
62866266
62866268
62866282
62866286
62866288
62866622
62866626
62866628
62866662
62866666
62866668
62866682
62866686
62866688
62866822
62866826
62866828
62866862
62866866
62866868
62866882
62866886
62866888
62868222
62868226
62868228
62868262
62868266
62868268
62868282
62868286
62868288
62868622
62868626
62868628
62868662
62868666
62868668
62868682
62868686
62868688
62868822
62868826
62868828
62868862
62868866
62868868
62868882
62868886
62868888
62882222
62882226
62882228
62882262
62882266
62882268
62882282
62882286
62882288
62882622
62882626
62882628
62882662
62882666
62882668
62882682
62882686
62882688
62882822
62882826
62882828
62882862
62882866
62882868
62882882
62882886
62882888
62886222
62886226
62886228
62886262
62886266
62886268
62886282
62886286
62886288
62886622
62886626
62886628
62886662
62886666
62886668
62886682
62886686
62886688
62886822
62886826
62886828
62886862
62886866
62886868
62886882
62886886
62886888
62888222
62888226
62888228
62888262
62888266
62888268
62888282
62888286
62888288
62888622
62888626
62888628
62888662
62888666
62888668
62888682
62888686
62888688
62888822
62888826
62888828
62888862
62888866
62888868
62888882
62888886
62888888
66222222
66222226
66222228
66222262
66222266
66222268
66222282
66222286
66222288
66222622
66222626
66222628
66222662
66222666
66222668
66222682
66222686
66222688
66222822
66222826
66222828
66222862
66222866
66222868
66222882
66222886
66222888
66226222
66226226
66226228
66226262
66226266
66226268
66226282
66226286
66226288
66226622
66226626
66226628
66226662
66226666
66226668
66226682
66226686
66226688
66226822
66226826
66226828
66226862
66226866
66226868
66226882
66226886
66226888
66228222
66228226
66228228
66228262
66228266
66228268
66228282
66228286
66228288
66228622
66228626
66228628
66228662
66228666
66228668
66228682
66228686
66228688
66228822
66228826
66228828
66228862
66228866
66228868
66228882
66228886
66228888
66262222
66262226
66262228
66262262
66262266
66262268
66262282
66262286
66262288
66262622
66262626
66262628
66262662
66262666
66262668
66262682
66262686
66262688
66262822
66262826
66262828
66262862
66262866
66262868
66262882
66262886
66262888
66266222
66266226
66266228
66266262
66266266
66266268
66266282
66266286
66266288
66266622
66266626
66266628
66266662
66266666
66266668
66266682
66266686
66266688
66266822
66266826
66266828
66266862
66266866
66266868
66266882
66266886
66266888
66268222
66268226
66268228
66268262
66268266
66268268
66268282
66268286
66268288
66268622
66268626
66268628
66268662
66268666
66268668
66268682
66268686
66268688
66268822
66268826
66268828
66268862
66268866
66268868
66268882
66268886
66268888
66282222
66282226
66282228
66282262
66282266
66282268
66282282
66282286
66282288
66282622
66282626
66282628
66282662
66282666
66282668
66282682
66282686
66282688
66282822
66282826
66282828
66282862
66282866
66282868
66282882
66282886
66282888
66286222
66286226
66286228
66286262
66286266
66286268
66286282
66286286
66286288
66286622
66286626
66286628
66286662
66286666
66286668
66286682
66286686
66286688
66286822
66286826
66286828
66286862
66286866
66286868
66286882
66286886
66286888
66288222
66288226
66288228
66288262
66288266
66288268
66288282
66288286
66288288
66288622
66288626
66288628
66288662
66288666
66288668
66288682
66288686
66288688
66288822
66288826
66288828
66288862
66288866
66288868
66288882
66288886
66288888
66622222
66622226
66622228
66622262
66622266
66622268
66622282
66622286
66622288
66622622
66622626
66622628
66622662
66622666
66622668
66622682
66622686
66622688
66622822
66622826
66622828
66622862
66622866
66622868
66622882
66622886
66622888
66626222
66626226
66626228
66626262
66626266
66626268
66626282
66626286
66626288
66626622
66626626
66626628
66626662
66626666
66626668
66626682
66626686
66626688
66626822
66626826
66626828
66626862
66626866
66626868
66626882
66626886
66626888
66628222
66628226
66628228
66628262
66628266
66628268
66628282
66628286
66628288
66628622
66628626
66628628
66628662
66628666
66628668
66628682
66628686
66628688
66628822
66628826
66628828
66628862
66628866
66628868
66628882
66628886
66628888
66662222
66662226
66662228
66662262
66662266
66662268
66662282
66662286
66662288
66662622
66662626
66662628
66662662
66662666
66662668
66662682
66662686
66662688
66662822
66662826
66662828
66662862
66662866
66662868
66662882
66662886
66662888
66666222
66666226
66666228
66666262
66666266
66666268
66666282
66666286
66666288
66666622
66666626
66666628
66666662
66666666
66666668
66666682
66666686
66666688
66666822
66666826
66666828
66666862
66666866
66666868
66666882
66666886
66666888
66668222
66668226
66668228
66668262
66668266
66668268
66668282
66668286
66668288
66668622
66668626
66668628
66668662
66668666
66668668
66668682
66668686
66668688
66668822
66668826
66668828
66668862
66668866
66668868
66668882
66668886
66668888
66682222
66682226
66682228
66682262
66682266
66682268
66682282
66682286
66682288
66682622
66682626
66682628
66682662
66682666
66682668
66682682
66682686
66682688
66682822
66682826
66682828
66682862
66682866
66682868
66682882
66682886
66682888
66686222
66686226
66686228
66686262
66686266
66686268
66686282
66686286
66686288
66686622
66686626
66686628
66686662
66686666
66686668
66686682
66686686
66686688
66686822
66686826
66686828
66686862
66686866
66686868
66686882
66686886
66686888
66688222
66688226
66688228
66688262
66688266
66688268
66688282
66688286
66688288
66688622
66688626
66688628
66688662
66688666
66688668
66688682
66688686
66688688
66688822
66688826
66688828
66688862
66688866
66688868
66688882
66688886
66688888
66822222
66822226
66822228
66822262
66822266
66822268
66822282
66822286
66822288
66822622
66822626
66822628
66822662
66822666
66822668
66822682
66822686
66822688
66822822
66822826
66822828
66822862
66822866
66822868
66822882
66822886
66822888
66826222
66826226
66826228
66826262
66826266
66826268
66826282
66826286
66826288
66826622
66826626
66826628
66826662
66826666
66826668
66826682
66826686
66826688
66826822
66826826
66826828
66826862
66826866
66826868
66826882
66826886
66826888
66828222
66828226
66828228
66828262
66828266
66828268
66828282
66828286
66828288
66828622
66828626
66828628
66828662
66828666
66828668
66828682
66828686
66828688
66828822
66828826
66828828
66828862
66828866
66828868
66828882
66828886
66828888
66862222
66862226
66862228
66862262
66862266
66862268
66862282
66862286
66862288
66862622
66862626
66862628
66862662
66862666
66862668
66862682
66862686
66862688
66862822
66862826
66862828
66862862
66862866
66862868
66862882
66862886
66862888
66866222
66866226
66866228
66866262
66866266
66866268
66866282
66866286
66866288
66866622
66866626
66866628
66866662
66866666
66866668
66866682
66866686
66866688
66866822
66866826
66866828
66866862
66866866
66866868
66866882
66866886
66866888
66868222
66868226
66868228
66868262
66868266
66868268
66868282
66868286
66868288
66868622
66868626
66868628
66868662
66868666
66868668
66868682
66868686
66868688
66868822
66868826
66868828
66868862
66868866
66868868
66868882
66868886
66868888
66882222
66882226
66882228
66882262
66882266
66882268
66882282
66882286
66882288
66882622
66882626
66882628
66882662
66882666
66882668
66882682
66882686
66882688
66882822
66882826
66882828
66882862
66882866
66882868
66882882
66882886
66882888
66886222
66886226
66886228
66886262
66886266
66886268
66886282
66886286
66886288
66886622
66886626
66886628
66886662
66886666
66886668
66886682
66886686
66886688
66886822
66886826
66886828
66886862
66886866
66886868
66886882
66886886
66886888
66888222
66888226
66888228
66888262
66888266
66888268
66888282
66888286
66888288
66888622
66888626
66888628
66888662
66888666
66888668
66888682
66888686
66888688
66888822
66888826
66888828
66888862
66888866
66888868
66888882
66888886
66888888
68222222
68222226
68222228
68222262
68222266
68222268
68222282
68222286
68222288
68222622
68222626
68222628
68222662
68222666
68222668
68222682
68222686
68222688
68222822
68222826
68222828
68222862
68222866
68222868
68222882
68222886
68222888
68226222
68226226
68226228
68226262
68226266
68226268
68226282
68226286
68226288
68226622
68226626
68226628
68226662
68226666
68226668
68226682
68226686
68226688
68226822
68226826
68226828
68226862
68226866
68226868
68226882
68226886
68226888
68228222
68228226
68228228
68228262
68228266
68228268
68228282
68228286
68228288
68228622
68228626
68228628
68228662
68228666
68228668
68228682
68228686
68228688
68228822
68228826
68228828
68228862
68228866
68228868
68228882
68228886
68228888
68262222
68262226
68262228
68262262
68262266
68262268
68262282
68262286
68262288
68262622
68262626
68262628
68262662
68262666
68262668
68262682
68262686
68262688
68262822
68262826
68262828
68262862
68262866
68262868
68262882
68262886
68262888
68266222
68266226
68266228
68266262
68266266
68266268
68266282
68266286
68266288
68266622
68266626
68266628
68266662
68266666
68266668
68266682
68266686
68266688
68266822
68266826
68266828
68266862
68266866
68266868
68266882
68266886
68266888
68268222
68268226
68268228
68268262
68268266
68268268
68268282
68268286
68268288
68268622
68268626
68268628
68268662
68268666
68268668
68268682
68268686
68268688
68268822
68268826
68268828
68268862
68268866
68268868
68268882
68268886
68268888
68282222
68282226
68282228
68282262
68282266
68282268
68282282
68282286
68282288
68282622
68282626
68282628
68282662
68282666
68282668
68282682
68282686
68282688
68282822
68282826
68282828
68282862
68282866
68282868
68282882
68282886
68282888
68286222
68286226
68286228
68286262
68286266
68286268
68286282
68286286
68286288
68286622
68286626
68286628
68286662
68286666
68286668
68286682
68286686
68286688
68286822
68286826
68286828
68286862
68286866
68286868
68286882
68286886
68286888
68288222
68288226
68288228
68288262
68288266
68288268
68288282
68288286
68288288
68288622
68288626
68288628
68288662
68288666
68288668
68288682
68288686
68288688
68288822
68288826
68288828
68288862
68288866
68288868
68288882
68288886
68288888
68622222
68622226
68622228
68622262
68622266
68622268
68622282
68622286
68622288
68622622
68622626
68622628
68622662
68622666
68622668
68622682
68622686
68622688
68622822
68622826
68622828
68622862
68622866
68622868
68622882
68622886
68622888
68626222
68626226
68626228
68626262
68626266
68626268
68626282
68626286
68626288
68626622
68626626
68626628
68626662
68626666
68626668
68626682
68626686
68626688
68626822
68626826
68626828
68626862
68626866
68626868
68626882
68626886
68626888
68628222
68628226
68628228
68628262
68628266
68628268
68628282
68628286
68628288
68628622
68628626
68628628
68628662
68628666
68628668
68628682
68628686
68628688
68628822
68628826
68628828
68628862
68628866
68628868
68628882
68628886
68628888
68662222
68662226
68662228
68662262
68662266
68662268
68662282
68662286
68662288
68662622
68662626
68662628
68662662
68662666
68662668
68662682
68662686
68662688
68662822
68662826
68662828
68662862
68662866
68662868
68662882
68662886
68662888
68666222
68666226
68666228
68666262
68666266
68666268
68666282
68666286
68666288
68666622
68666626
68666628
68666662
68666666
68666668
68666682
68666686
68666688
68666822
68666826
68666828
68666862
68666866
68666868
68666882
68666886
68666888
68668222
68668226
68668228
68668262
68668266
68668268
68668282
68668286
68668288
68668622
68668626
68668628
68668662
68668666
68668668
68668682
68668686
68668688
68668822
68668826
68668828
68668862
68668866
68668868
68668882
68668886
68668888
68682222
68682226
68682228
68682262
68682266
68682268
68682282
68682286
68682288
68682622
68682626
68682628
68682662
68682666
68682668
68682682
68682686
68682688
68682822
68682826
68682828
68682862
68682866
68682868
68682882
68682886
68682888
68686222
68686226
68686228
68686262
68686266
68686268
68686282
68686286
68686288
68686622
68686626
68686628
68686662
68686666
68686668
68686682
68686686
68686688
68686822
68686826
68686828
68686862
68686866
68686868
68686882
68686886
68686888
68688222
68688226
68688228
68688262
68688266
68688268
68688282
68688286
68688288
68688622
68688626
68688628
68688662
68688666
68688668
68688682
68688686
68688688
68688822
68688826
68688828
68688862
68688866
68688868
68688882
68688886
68688888
68822222
68822226
68822228
68822262
68822266
68822268
68822282
68822286
68822288
68822622
68822626
68822628
68822662
68822666
68822668
68822682
68822686
68822688
68822822
68822826
68822828
68822862
68822866
68822868
68822882
68822886
68822888
68826222
68826226
68826228
68826262
68826266
68826268
68826282
68826286
68826288
68826622
68826626
68826628
68826662
68826666
68826668
68826682
68826686
68826688
68826822
68826826
68826828
68826862
68826866
68826868
68826882
68826886
68826888
68828222
68828226
68828228
68828262
68828266
68828268
68828282
68828286
68828288
68828622
68828626
68828628
68828662
68828666
68828668
68828682
68828686
68828688
68828822
68828826
68828828
68828862
68828866
68828868
68828882
68828886
68828888
68862222
68862226
68862228
68862262
68862266
68862268
68862282
68862286
68862288
68862622
68862626
68862628
68862662
68862666
68862668
68862682
68862686
68862688
68862822
68862826
68862828
68862862
68862866
68862868
68862882
68862886
68862888
68866222
68866226
68866228
68866262
68866266
68866268
68866282
68866286
68866288
68866622
68866626
68866628
68866662
68866666
68866668
68866682
68866686
68866688
68866822
68866826
68866828
68866862
68866866
68866868
68866882
68866886
68866888
68868222
68868226
68868228
68868262
68868266
68868268
68868282
68868286
68868288
68868622
68868626
68868628
68868662
68868666
68868668
68868682
68868686
68868688
68868822
68868826
68868828
68868862
68868866
68868868
68868882
68868886
68868888
68882222
68882226
68882228
68882262
68882266
68882268
68882282
68882286
68882288
68882622
68882626
68882628
68882662
68882666
68882668
68882682
68882686
68882688
68882822
68882826
68882828
68882862
68882866
68882868
68882882
68882886
68882888
68886222
68886226
68886228
68886262
68886266
68886268
68886282
68886286
68886288
68886622
68886626
68886628
68886662
68886666
68886668
68886682
68886686
68886688
68886822
68886826
68886828
68886862
68886866
68886868
68886882
68886886
68886888
68888222
68888226
68888228
68888262
68888266
68888268
68888282
68888286
68888288
68888622
68888626
68888628
68888662
68888666
68888668
68888682
68888686
68888688
68888822
68888826
68888828
68888862
68888866
68888868
68888882
68888886
68888888
82222222
82222226
82222228
82222262
82222266
82222268
82222282
82222286
82222288
82222622
82222626
82222628
82222662
82222666
82222668
82222682
82222686
82222688
82222822
82222826
82222828
82222862
82222866
82222868
82222882
82222886
82222888
82226222
82226226
82226228
82226262
82226266
82226268
82226282
82226286
82226288
82226622
82226626
82226628
82226662
82226666
82226668
82226682
82226686
82226688
82226822
82226826
82226828
82226862
82226866
82226868
82226882
82226886
82226888
82228222
82228226
82228228
82228262
82228266
82228268
82228282
82228286
82228288
82228622
82228626
82228628
82228662
82228666
82228668
82228682
82228686
82228688
82228822
82228826
82228828
82228862
82228866
82228868
82228882
82228886
82228888
82262222
82262226
82262228
82262262
82262266
82262268
82262282
82262286
82262288
82262622
82262626
82262628
82262662
82262666
82262668
82262682
82262686
82262688
82262822
82262826
82262828
82262862
82262866
82262868
82262882
82262886
82262888
82266222
82266226
82266228
82266262
82266266
82266268
82266282
82266286
82266288
82266622
82266626
82266628
82266662
82266666
82266668
82266682
82266686
82266688
82266822
82266826
82266828
82266862
82266866
82266868
82266882
82266886
82266888
82268222
82268226
82268228
82268262
82268266
82268268
82268282
82268286
82268288
82268622
82268626
82268628
82268662
82268666
82268668
82268682
82268686
82268688
82268822
82268826
82268828
82268862
82268866
82268868
82268882
82268886
82268888
82282222
82282226
82282228
82282262
82282266
82282268
82282282
82282286
82282288
82282622
82282626
82282628
82282662
82282666
82282668
82282682
82282686
82282688
82282822
82282826
82282828
82282862
82282866
82282868
82282882
82282886
82282888
82286222
82286226
82286228
82286262
82286266
82286268
82286282
82286286
82286288
82286622
82286626
82286628
82286662
82286666
82286668
82286682
82286686
82286688
82286822
82286826
82286828
82286862
82286866
82286868
82286882
82286886
82286888
82288222
82288226
82288228
82288262
82288266
82288268
82288282
82288286
82288288
82288622
82288626
82288628
82288662
82288666
82288668
82288682
82288686
82288688
82288822
82288826
82288828
82288862
82288866
82288868
82288882
82288886
82288888
82622222
82622226
82622228
82622262
82622266
82622268
82622282
82622286
82622288
82622622
82622626
82622628
82622662
82622666
82622668
82622682
82622686
82622688
82622822
82622826
82622828
82622862
82622866
82622868
82622882
82622886
82622888
82626222
82626226
82626228
82626262
82626266
82626268
82626282
82626286
82626288
82626622
82626626
82626628
82626662
82626666
82626668
82626682
82626686
82626688
82626822
82626826
82626828
82626862
82626866
82626868
82626882
82626886
82626888
82628222
82628226
82628228
82628262
82628266
82628268
82628282
82628286
82628288
82628622
82628626
82628628
82628662
82628666
82628668
82628682
82628686
82628688
82628822
82628826
82628828
82628862
82628866
82628868
82628882
82628886
82628888
82662222
82662226
82662228
82662262
82662266
82662268
82662282
82662286
82662288
82662622
82662626
82662628
82662662
82662666
82662668
82662682
82662686
82662688
82662822
82662826
82662828
82662862
82662866
82662868
82662882
82662886
82662888
82666222
82666226
82666228
82666262
82666266
82666268
82666282
82666286
82666288
82666622
82666626
82666628
82666662
82666666
82666668
82666682
82666686
82666688
82666822
82666826
82666828
82666862
82666866
82666868
82666882
82666886
82666888
82668222
82668226
82668228
82668262
82668266
82668268
82668282
82668286
82668288
82668622
82668626
82668628
82668662
82668666
82668668
82668682
82668686
82668688
82668822
82668826
82668828
82668862
82668866
82668868
82668882
82668886
82668888
82682222
82682226
82682228
82682262
82682266
82682268
82682282
82682286
82682288
82682622
82682626
82682628
82682662
82682666
82682668
82682682
82682686
82682688
82682822
82682826
82682828
82682862
82682866
82682868
82682882
82682886
82682888
82686222
82686226
82686228
82686262
82686266
82686268
82686282
82686286
82686288
82686622
82686626
82686628
82686662
82686666
82686668
82686682
82686686
82686688
82686822
82686826
82686828
82686862
82686866
82686868
82686882
82686886
82686888
82688222
82688226
82688228
82688262
82688266
82688268
82688282
82688286
82688288
82688622
82688626
82688628
82688662
82688666
82688668
82688682
82688686
82688688
82688822
82688826
82688828
82688862
82688866
82688868
82688882
82688886
82688888
82822222
82822226
82822228
82822262
82822266
82822268
82822282
82822286
82822288
82822622
82822626
82822628
82822662
82822666
82822668
82822682
82822686
82822688
82822822
82822826
82822828
82822862
82822866
82822868
82822882
82822886
82822888
82826222
82826226
82826228
82826262
82826266
82826268
82826282
82826286
82826288
82826622
82826626
82826628
82826662
82826666
82826668
82826682
82826686
82826688
82826822
82826826
82826828
82826862
82826866
82826868
82826882
82826886
82826888
82828222
82828226
82828228
82828262
82828266
82828268
82828282
82828286
82828288
82828622
82828626
82828628
82828662
82828666
82828668
82828682
82828686
82828688
82828822
82828826
82828828
82828862
82828866
82828868
82828882
82828886
82828888
82862222
82862226
82862228
82862262
82862266
82862268
82862282
82862286
82862288
82862622
82862626
82862628
82862662
82862666
82862668
82862682
82862686
82862688
82862822
82862826
82862828
82862862
82862866
82862868
82862882
82862886
82862888
82866222
82866226
82866228
82866262
82866266
82866268
82866282
82866286
82866288
82866622
82866626
82866628
82866662
82866666
82866668
82866682
82866686
82866688
82866822
82866826
82866828
82866862
82866866
82866868
82866882
82866886
82866888
82868222
82868226
82868228
82868262
82868266
82868268
82868282
82868286
82868288
82868622
82868626
82868628
82868662
82868666
82868668
82868682
82868686
82868688
82868822
82868826
82868828
82868862
82868866
82868868
82868882
82868886
82868888
82882222
82882226
82882228
82882262
82882266
82882268
82882282
82882286
82882288
82882622
82882626
82882628
82882662
82882666
82882668
82882682
82882686
82882688
82882822
82882826
82882828
82882862
82882866
82882868
82882882
82882886
82882888
82886222
82886226
82886228
82886262
82886266
82886268
82886282
82886286
82886288
82886622
82886626
82886628
82886662
82886666
82886668
82886682
82886686
82886688
82886822
82886826
82886828
82886862
82886866
82886868
82886882
82886886
82886888
82888222
82888226
82888228
82888262
82888266
82888268
82888282
82888286
82888288
82888622
82888626
82888628
82888662
82888666
82888668
82888682
82888686
82888688
82888822
82888826
82888828
82888862
82888866
82888868
82888882
82888886
82888888
86222222
86222226
86222228
86222262
86222266
86222268
86222282
86222286
86222288
86222622
86222626
86222628
86222662
86222666
86222668
86222682
86222686
86222688
86222822
86222826
86222828
86222862
86222866
86222868
86222882
86222886
86222888
86226222
86226226
86226228
86226262
86226266
86226268
86226282
86226286
86226288
86226622
86226626
86226628
86226662
86226666
86226668
86226682
86226686
86226688
86226822
86226826
86226828
86226862
86226866
86226868
86226882
86226886
86226888
86228222
86228226
86228228
86228262
86228266
86228268
86228282
86228286
86228288
86228622
86228626
86228628
86228662
86228666
86228668
86228682
86228686
86228688
86228822
86228826
86228828
86228862
86228866
86228868
86228882
86228886
86228888
86262222
86262226
86262228
86262262
86262266
86262268
86262282
86262286
86262288
86262622
86262626
86262628
86262662
86262666
86262668
86262682
86262686
86262688
86262822
86262826
86262828
86262862
86262866
86262868
86262882
86262886
86262888
86266222
86266226
86266228
86266262
86266266
86266268
86266282
86266286
86266288
86266622
86266626
86266628
86266662
86266666
86266668
86266682
86266686
86266688
86266822
86266826
86266828
86266862
86266866
86266868
86266882
86266886
86266888
86268222
86268226
86268228
86268262
86268266
86268268
86268282
86268286
86268288
86268622
86268626
86268628
86268662
86268666
86268668
86268682
86268686
86268688
86268822
86268826
86268828
86268862
86268866
86268868
86268882
86268886
86268888
86282222
86282226
86282228
86282262
86282266
86282268
86282282
86282286
86282288
86282622
86282626
86282628
86282662
86282666
86282668
86282682
86282686
86282688
86282822
86282826
86282828
86282862
86282866
86282868
86282882
86282886
86282888
86286222
86286226
86286228
86286262
86286266
86286268
86286282
86286286
86286288
86286622
86286626
86286628
86286662
86286666
86286668
86286682
86286686
86286688
86286822
86286826
86286828
86286862
86286866
86286868
86286882
86286886
86286888
86288222
86288226
86288228
86288262
86288266
86288268
86288282
86288286
86288288
86288622
86288626
86288628
86288662
86288666
86288668
86288682
86288686
86288688
86288822
86288826
86288828
86288862
86288866
86288868
86288882
86288886
86288888
86622222
86622226
86622228
86622262
86622266
86622268
86622282
86622286
86622288
86622622
86622626
86622628
86622662
86622666
86622668
86622682
86622686
86622688
86622822
86622826
86622828
86622862
86622866
86622868
86622882
86622886
86622888
86626222
86626226
86626228
86626262
86626266
86626268
86626282
86626286
86626288
86626622
86626626
86626628
86626662
86626666
86626668
86626682
86626686
86626688
86626822
86626826
86626828
86626862
86626866
86626868
86626882
86626886
86626888
86628222
86628226
86628228
86628262
86628266
86628268
86628282
86628286
86628288
86628622
86628626
86628628
86628662
86628666
86628668
86628682
86628686
86628688
86628822
86628826
86628828
86628862
86628866
86628868
86628882
86628886
86628888
86662222
86662226
86662228
86662262
86662266
86662268
86662282
86662286
86662288
86662622
86662626
86662628
86662662
86662666
86662668
86662682
86662686
86662688
86662822
86662826
86662828
86662862
86662866
86662868
86662882
86662886
86662888
86666222
86666226
86666228
86666262
86666266
86666268
86666282
86666286
86666288
86666622
86666626
86666628
86666662
86666666
86666668
86666682
86666686
86666688
86666822
86666826
86666828
86666862
86666866
86666868
86666882
86666886
86666888
86668222
86668226
86668228
86668262
86668266
86668268
86668282
86668286
86668288
86668622
86668626
86668628
86668662
86668666
86668668
86668682
86668686
86668688
86668822
86668826
86668828
86668862
86668866
86668868
86668882
86668886
86668888
86682222
86682226
86682228
86682262
86682266
86682268
86682282
86682286
86682288
86682622
86682626
86682628
86682662
86682666
86682668
86682682
86682686
86682688
86682822
86682826
86682828
86682862
86682866
86682868
86682882
86682886
86682888
86686222
86686226
86686228
86686262
86686266
86686268
86686282
86686286
86686288
86686622
86686626
86686628
86686662
86686666
86686668
86686682
86686686
86686688
86686822
86686826
86686828
86686862
86686866
86686868
86686882
86686886
86686888
86688222
86688226
86688228
86688262
86688266
86688268
86688282
86688286
86688288
86688622
86688626
86688628
86688662
86688666
86688668
86688682
86688686
86688688
86688822
86688826
86688828
86688862
86688866
86688868
86688882
86688886
86688888
86822222
86822226
86822228
86822262
86822266
86822268
86822282
86822286
86822288
86822622
86822626
86822628
86822662
86822666
86822668
86822682
86822686
86822688
86822822
86822826
86822828
86822862
86822866
86822868
86822882
86822886
86822888
86826222
86826226
86826228
86826262
86826266
86826268
86826282
86826286
86826288
86826622
86826626
86826628
86826662
86826666
86826668
86826682
86826686
86826688
86826822
86826826
86826828
86826862
86826866
86826868
86826882
86826886
86826888
86828222
86828226
86828228
86828262
86828266
86828268
86828282
86828286
86828288
86828622
86828626
86828628
86828662
86828666
86828668
86828682
86828686
86828688
86828822
86828826
86828828
86828862
86828866
86828868
86828882
86828886
86828888
86862222
86862226
86862228
86862262
86862266
86862268
86862282
86862286
86862288
86862622
86862626
86862628
86862662
86862666
86862668
86862682
86862686
86862688
86862822
86862826
86862828
86862862
86862866
86862868
86862882
86862886
86862888
86866222
86866226
86866228
86866262
86866266
86866268
86866282
86866286
86866288
86866622
86866626
86866628
86866662
86866666
86866668
86866682
86866686
86866688
86866822
86866826
86866828
86866862
86866866
86866868
86866882
86866886
86866888
86868222
86868226
86868228
86868262
86868266
86868268
86868282
86868286
86868288
86868622
86868626
86868628
86868662
86868666
86868668
86868682
86868686
86868688
86868822
86868826
86868828
86868862
86868866
86868868
86868882
86868886
86868888
86882222
86882226
86882228
86882262
86882266
86882268
86882282
86882286
86882288
86882622
86882626
86882628
86882662
86882666
86882668
86882682
86882686
86882688
86882822
86882826
86882828
86882862
86882866
86882868
86882882
86882886
86882888
86886222
86886226
86886228
86886262
86886266
86886268
86886282
86886286
86886288
86886622
86886626
86886628
86886662
86886666
86886668
86886682
86886686
86886688
86886822
86886826
86886828
86886862
86886866
86886868
86886882
86886886
86886888
86888222
86888226
86888228
86888262
86888266
86888268
86888282
86888286
86888288
86888622
86888626
86888628
86888662
86888666
86888668
86888682
86888686
86888688
86888822
86888826
86888828
86888862
86888866
86888868
86888882
86888886
86888888
88222222
88222226
88222228
88222262
88222266
88222268
88222282
88222286
88222288
88222622
88222626
88222628
88222662
88222666
88222668
88222682
88222686
88222688
88222822
88222826
88222828
88222862
88222866
88222868
88222882
88222886
88222888
88226222
88226226
88226228
88226262
88226266
88226268
88226282
88226286
88226288
88226622
88226626
88226628
88226662
88226666
88226668
88226682
88226686
88226688
88226822
88226826
88226828
88226862
88226866
88226868
88226882
88226886
88226888
88228222
88228226
88228228
88228262
88228266
88228268
88228282
88228286
88228288
88228622
88228626
88228628
88228662
88228666
88228668
88228682
88228686
88228688
88228822
88228826
88228828
88228862
88228866
88228868
88228882
88228886
88228888
88262222
88262226
88262228
88262262
88262266
88262268
88262282
88262286
88262288
88262622
88262626
88262628
88262662
88262666
88262668
88262682
88262686
88262688
88262822
88262826
88262828
88262862
88262866
88262868
88262882
88262886
88262888
88266222
88266226
88266228
88266262
88266266
88266268
88266282
88266286
88266288
88266622
88266626
88266628
88266662
88266666
88266668
88266682
88266686
88266688
88266822
88266826
88266828
88266862
88266866
88266868
88266882
88266886
88266888
88268222
88268226
88268228
88268262
88268266
88268268
88268282
88268286
88268288
88268622
88268626
88268628
88268662
88268666
88268668
88268682
88268686
88268688
88268822
88268826
88268828
88268862
88268866
88268868
88268882
88268886
88268888
88282222
88282226
88282228
88282262
88282266
88282268
88282282
88282286
88282288
88282622
88282626
88282628
88282662
88282666
88282668
88282682
88282686
88282688
88282822
88282826
88282828
88282862
88282866
88282868
88282882
88282886
88282888
88286222
88286226
88286228
88286262
88286266
88286268
88286282
88286286
88286288
88286622
88286626
88286628
88286662
88286666
88286668
88286682
88286686
88286688
88286822
88286826
88286828
88286862
88286866
88286868
88286882
88286886
88286888
88288222
88288226
88288228
88288262
88288266
88288268
88288282
88288286
88288288
88288622
88288626
88288628
88288662
88288666
88288668
88288682
88288686
88288688
88288822
88288826
88288828
88288862
88288866
88288868
88288882
88288886
88288888
88622222
88622226
88622228
88622262
88622266
88622268
88622282
88622286
88622288
88622622
88622626
88622628
88622662
88622666
88622668
88622682
88622686
88622688
88622822
88622826
88622828
88622862
88622866
88622868
88622882
88622886
88622888
88626222
88626226
88626228
88626262
88626266
88626268
88626282
88626286
88626288
88626622
88626626
88626628
88626662
88626666
88626668
88626682
88626686
88626688
88626822
88626826
88626828
88626862
88626866
88626868
88626882
88626886
88626888
88628222
88628226
88628228
88628262
88628266
88628268
88628282
88628286
88628288
88628622
88628626
88628628
88628662
88628666
88628668
88628682
88628686
88628688
88628822
88628826
88628828
88628862
88628866
88628868
88628882
88628886
88628888
88662222
88662226
88662228
88662262
88662266
88662268
88662282
88662286
88662288
88662622
88662626
88662628
88662662
88662666
88662668
88662682
88662686
88662688
88662822
88662826
88662828
88662862
88662866
88662868
88662882
88662886
88662888
88666222
88666226
88666228
88666262
88666266
88666268
88666282
88666286
88666288
88666622
88666626
88666628
88666662
88666666
88666668
88666682
88666686
88666688
88666822
88666826
88666828
88666862
88666866
88666868
88666882
88666886
88666888
88668222
88668226
88668228
88668262
88668266
88668268
88668282
88668286
88668288
88668622
88668626
88668628
88668662
88668666
88668668
88668682
88668686
88668688
88668822
88668826
88668828
88668862
88668866
88668868
88668882
88668886
88668888
88682222
88682226
88682228
88682262
88682266
88682268
88682282
88682286
88682288
88682622
88682626
88682628
88682662
88682666
88682668
88682682
88682686
88682688
88682822
88682826
88682828
88682862
88682866
88682868
88682882
88682886
88682888
88686222
88686226
88686228
88686262
88686266
88686268
88686282
88686286
88686288
88686622
88686626
88686628
88686662
88686666
88686668
88686682
88686686
88686688
88686822
88686826
88686828
88686862
88686866
88686868
88686882
88686886
88686888
88688222
88688226
88688228
88688262
88688266
88688268
88688282
88688286
88688288
88688622
88688626
88688628
88688662
88688666
88688668
88688682
88688686
88688688
88688822
88688826
88688828
88688862
88688866
88688868
88688882
88688886
88688888
88822222
88822226
88822228
88822262
88822266
88822268
88822282
88822286
88822288
88822622
88822626
88822628
88822662
88822666
88822668
88822682
88822686
88822688
88822822
88822826
88822828
88822862
88822866
88822868
88822882
88822886
88822888
88826222
88826226
88826228
88826262
88826266
88826268
88826282
88826286
88826288
88826622
88826626
88826628
88826662
88826666
88826668
88826682
88826686
88826688
88826822
88826826
88826828
88826862
88826866
88826868
88826882
88826886
88826888
88828222
88828226
88828228
88828262
88828266
88828268
88828282
88828286
88828288
88828622
88828626
88828628
88828662
88828666
88828668
88828682
88828686
88828688
88828822
88828826
88828828
88828862
88828866
88828868
88828882
88828886
88828888
88862222
88862226
88862228
88862262
88862266
88862268
88862282
88862286
88862288
88862622
88862626
88862628
88862662
88862666
88862668
88862682
88862686
88862688
88862822
88862826
88862828
88862862
88862866
88862868
88862882
88862886
88862888
88866222
88866226
88866228
88866262
88866266
88866268
88866282
88866286
88866288
88866622
88866626
88866628
88866662
88866666
88866668
88866682
88866686
88866688
88866822
88866826
88866828
88866862
88866866
88866868
88866882
88866886
88866888
88868222
88868226
88868228
88868262
88868266
88868268
88868282
88868286
88868288
88868622
88868626
88868628
88868662
88868666
88868668
88868682
88868686
88868688
88868822
88868826
88868828
88868862
88868866
88868868
88868882
88868886
88868888
88882222
88882226
88882228
88882262
88882266
88882268
88882282
88882286
88882288
88882622
88882626
88882628
88882662
88882666
88882668
88882682
88882686
88882688
88882822
88882826
88882828
88882862
88882866
88882868
88882882
88882886
88882888
88886222
88886226
88886228
88886262
88886266
88886268
88886282
88886286
88886288
88886622
88886626
88886628
88886662
88886666
88886668
88886682
88886686
88886688
88886822
88886826
88886828
88886862
88886866
88886868
88886882
88886886
88886888
88888222
88888226
88888228
88888262
88888266
88888268
88888282
88888286
88888288
88888622
88888626
88888628
88888662
88888666
88888668
88888682
88888686
88888688
88888822
88888826
88888828
88888862
88888866
88888868
88888882
88888886
88888888
